1.162048130572968603e+03 1.348654816674408266e+03
3.636949829224358837e+02 1.657498419453962413e+02
5.644884359057988377e+02 1.938909362561014859e+03
2.049145250144968031e+02 1.997547072493624682e+03
1.887110824605327934e+03 1.353476313194614249e+03
4.987584938990587489e+02 1.461988760712362364e+03
2.321814329302367952e+01 1.935829933452659816e+03
1.923637167086822046e+02 1.108061672982996470e+03
7.992974957058352174e+02 1.463933278563731847e+03
7.465086328571165950e+02 1.999584675313656589e+03
1.754893094830571044e+03 4.703698683401733547e+02
8.660190020294689930e+02 1.880697675678854239e+03
8.642820810743702395e+02 1.582517716537653996e+03
6.852244453180207984e+02 1.761092424391241138e+03
2.544207650472484374e+02 1.226337718322105047e+03
1.469790118438087575e+03 1.765090388505131386e+03
8.588669861904901381e+02 1.406098905157064564e+03
6.745018009137858144e+02 8.814886565917851158e+02
1.276414934664249358e+03 3.557757326060089440e+02
6.739583443201910313e+02 1.051973398205328294e+03
2.005091784862908298e+03 8.312344228986484040e+02
8.054607751933747295e+02 1.939764144942425219e+03
1.589840395342573629e+03 1.645990628262479731e+03
7.950006283756522407e+02 1.170943171966503542e+03
1.210888293681045752e+03 7.618537582118582350e+02
3.826637748689500995e+02 1.818755838133596853e+03
7.713575257027898147e+01 1.401639480910893781e+03
6.070332649573430217e+02 4.618527920282357400e+02
3.695503384111323726e+02 5.277384910016609183e+02
1.644331275644708285e+03 1.351341650688308846e+03
5.623675547276346833e+02 1.699525451127024326e+03
1.097697867136825153e+03 1.172356541008804925e+03
1.651890337255338864e+03 1.885547035020161275e+03
3.656651845284496289e+02 6.391417641382610100e+02
1.361698307444780767e+02 1.343220566934513045e+03
5.034540897590186432e+02 1.760321550400647311e+03
8.237995698638383146e+01 1.638916549116434908e+03
8.543677318829360274e+02 5.872286745792666807e+02
6.117012707410945040e+02 5.283086889090510567e+02
1.522019998034327955e+03 1.592320405329512369e+03
1.636453421969676583e+03 6.459632909837322359e+02
6.220548162695638439e+02 1.582174651593202725e+03
1.216308113642906164e+03 3.531707135888906350e+02
1.288823751622581085e+03 1.942935798555127803e+03
1.041391978975876327e+03 1.465078295093890119e+03
8.525049538201013775e+02 5.289176829057474833e+02
9.184044814675943371e+02 1.288373755383358002e+03
8.053013563492927460e+02 1.700145285958559043e+03
1.037485012708260228e+03 1.170561905203431934e+03
8.555566018691895351e+02 1.112553663414070343e+03
8.557154617347642898e+02 8.234942982957112463e+02
7.451148969591912419e+02 1.760409850790469136e+03
7.927507857248092478e+02 4.693954444803280239e+02
2.009485490492436611e+03 1.530267531581077492e+03
1.710185583183023937e+03 1.826105590418105066e+03
3.165370752475125755e+02 1.402936726152377560e+03
2.628542494561399963e+02 1.937707597675308079e+03
3.224756771665178121e+02 1.639242774241028883e+03
5.581940848068169316e+02 1.404184877978181248e+03
9.156933425739422319e+02 6.469703517728886482e+02
1.338271018653829287e+03 1.531749936387078833e+03
7.337784729626027911e+02 7.039789891480055530e+02
1.347069633367839288e+03 1.644873880867195794e+03
1.633339502712328112e+03 5.872731410282350453e+02
5.051755294775675793e+02 1.998533286713965254e+03
2.327644056113508952e+01 1.697910972632689663e+03
2.476733909574474524e+02 1.703001416077320584e+02
2.417542217361865369e+02 4.621342392447312619e+01
6.141970763808308220e+02 8.218785768221221133e+02
1.392553361338131879e+02 1.579809972774051403e+03
5.467688346375985020e+02 4.040195712728597641e+02
5.642952646073160849e+02 1.879675572557521264e+03
2.511915401371279017e+02 7.022288163457687915e+02
7.299381053633151168e+02 1.116736913691946938e+03
1.648699685244330340e+03 1.587151097243244067e+03
1.707343529767461405e+03 1.527747879485833892e+03
9.257277509265600202e+02 1.820766409786894201e+03
8.236006757588344840e+01 1.876362217752770448e+03
3.744375156571700813e+02 1.110196938101874593e+03
5.528084196273842963e+02 7.624071131695724262e+02
5.510669951557163131e+02 4.675324772804809186e+02
3.036687406319335878e+02 5.788751407678207670e+02
7.277800379292284561e+02 5.816863184023950453e+02
5.477895870904671938e+02 8.745739559176375906e+02
1.220198079638416630e+03 1.288985974002985813e+03
1.301082543349839966e+02 3.471162645905494628e+02
5.044216398525204568e+02 1.939323870450246204e+03
1.036142218568719045e+03 7.659327159907973055e+02
5.480736066181841579e+02 1.057676578772797257e+03
1.333699240327383905e+03 8.803621938961342721e+02
3.690361840573002610e+02 1.233128062643378371e+03
1.288374321037915706e+03 1.703654795181546433e+03
4.248473263970872722e+02 4.618179509153650315e+02
8.470409154904141360e+02 4.049457117926546630e+02
1.100745365093275268e+03 1.349524922172348170e+03
1.891397984678384546e+03 1.648742582210820046e+03
1.107648806927373016e+03 1.881127701163894699e+03
1.766647612769191710e+03 1.468623295277294346e+03
4.899759277863558395e+02 4.093054389428365312e+02
7.359118730503965935e+02 1.229002610579429302e+03
1.573671107674885661e+03 5.865508592451017194e+02
9.863563987496081609e+02 1.703013806925875087e+03
1.045264832085889793e+03 1.643838392067234736e+03
1.948543457946626063e+02 1.284889568627266499e+03
6.730450249251431387e+02 6.454731262070232560e+02
5.031299128108255445e+02 1.700208378764746385e+03
1.531006241530579473e+03 1.704564846777772573e+03
4.285026253822299509e+02 1.172975816084116559e+03
4.461009122918671892e+02 1.998942416605209928e+03
1.262196898883707945e+02 6.961429054479209526e+02
1.753232284409936710e+03 1.741987738768650047e+02
1.342374589789927995e+03 1.407929719116169053e+03
4.307036603449371910e+02 4.079999217474389752e+02
3.667251836786720673e+02 5.133171422930273309e+01
1.210189457916105312e+03 4.075068078923417829e+02
1.945037134748657991e+03 1.294819299556079159e+03
1.517916911049961982e+03 1.355834856534572282e+03
7.065142123802006324e+01 4.641626540805873447e+02
1.339427864243806880e+03 1.172436475493806711e+03
1.454138702493369010e+03 9.401625225221783921e+02
9.221273244640869962e+02 1.524924117161905087e+03
1.349378162877945442e+03 1.882442018478273212e+03
1.280274572393429366e+02 1.230209792730480103e+03
6.150371756946892674e+02 1.111887648927166538e+03
6.131162128149218233e+02 5.853952219990899266e+02
4.324050431299475576e+02 6.429773527728143563e+02
5.621350789440596145e+02 1.641478652433110710e+03
7.105780851826970945e+01 5.228265032271931432e+02
8.627100784856245355e+02 1.642635819732719256e+03
9.754065180876027625e+02 7.053346027406315670e+02
1.333242348457275455e+02 1.165216707821811042e+03
6.766824158234895776e+02 1.287611945158627350e+03
1.877112707613987652e+02 1.172143864780707418e+03
1.884264175442684063e+03 1.533685029480327785e+03
7.984813821583484241e+02 1.406296160504264662e+03
3.135118431142166742e+02 1.167911026145686719e+03
1.406048347694943004e+03 1.527728561866221526e+03
7.456174730095297036e+02 1.700848656841007823e+03
5.551999266835583740e+02 1.227123540623347253e+03
1.462540352865400337e+03 1.291944593109666130e+03
2.500663103750918026e+02 2.294221690344150772e+02
1.831661608726112490e+03 1.707454482841448453e+03
5.501358074215311262e+02 2.319350041164373977e+02
1.584057706555783398e+03 1.410235752520706910e+03
3.807303471949527989e+02 1.581361141636234152e+03
1.827749042899889673e+03 1.891598142507220246e+03
1.578311982842227053e+03 4.145642250568484997e+02
1.325736821948077022e+02 1.108610151430846145e+03
2.014261516665831380e+02 1.759320287476490648e+03
9.157397179311914215e+02 1.112937589185136403e+03
4.334968014818227857e+02 1.109372508763705582e+03
8.038433335794688901e+02 1.642834784173148137e+03
1.157821595514992396e+03 8.841156739725254283e+02
1.480217881121950541e+01 1.224321955565491180e+03
9.856935070864548152e+02 1.762853940006377798e+03
9.222148814873554556e+02 1.887098093212417325e+03
6.611426335307061208e+01 6.370095139077308204e+02
2.639562804322304714e+02 1.997456658444597451e+03
1.151418286883342034e+03 9.384325632911042021e+02
1.760232176645556137e+03 1.356880692558975170e+03
1.949488242641531997e+03 1.589619512407167122e+03
4.912479727345576066e+02 4.668762701948737117e+02
1.417982045284759351e+02 1.817351911263114516e+03
1.406432276990509763e+03 1.585958409566316050e+03
1.772237496918875195e+03 1.767525533918303836e+03
1.754722007190153818e+03 2.925692428527021889e+02
9.186438134482094711e+02 1.648810908899587275e+03
6.699931285839147677e+02 5.273180873024792703e+01
7.936300191647939073e+02 5.278911400712025852e+02
9.714103780783932507e+02 8.195692535528983171e+02
1.579975612491812171e+03 6.510446067404424184e+02
7.318203751321267703e+01 1.224034948056488702e+03
9.753410818797952970e+02 8.837504744668618741e+02
1.408720926084216671e+03 1.822865862270467005e+03
1.700265276664916428e+03 1.414877074836270822e+03
1.450691654804878226e+03 1.717730393594234783e+02
3.071319557281244670e+02 6.388480888419080657e+02
4.397939806319497507e+02 1.521736585432949596e+03
1.274797417754560456e+03 8.790846508225640719e+02
1.572400795167417755e+03 1.143033657657493904e+02
1.826607639853973069e+03 1.410897345430649239e+03
1.400417218858375008e+03 1.115404077651638545e+03
1.942830801757074823e+03 7.717230687496372639e+02
1.761206950570150639e+03 4.160029680465595447e+02
1.763676229594423830e+03 1.234744176300518802e+03
9.824045140187807874e+02 1.464761765079966608e+03
8.609523395315127345e+02 1.946605443345090862e+03
1.891576645777715612e+03 1.888874281469785956e+03
6.084005965455287424e+02 6.981855317585138891e+02
1.034260955979367054e+03 7.071047753843945429e+02
1.280651417449883866e+03 1.232042516379274048e+03
1.233316983599997343e+02 1.642630880877742356e+02
1.633671936669121123e+03 4.099797389448359581e+02
2.570309037683908855e+02 1.460798573021165339e+03
1.761190026175714820e+03 5.923743578966262930e+02
7.941365779404792420e+02 9.399680395794820242e+02
1.456420831343007904e+01 1.282925242345603920e+03
1.402373994654087710e+03 1.350704328990912245e+03
1.155807109854034707e+03 2.933590308919358449e+02
7.379225105024689810e+02 1.646773871942715914e+03
1.695155822119022105e+03 4.686857947375633557e+02
6.244595149472066851e+02 1.878498550786624946e+03
1.167317555268279875e+03 1.822022890713208653e+03
8.001642258529976743e+02 1.766463413117593291e+03
1.465967656804797343e+03 1.526283153797250407e+03
3.768433292708813838e+02 1.345512609311002279e+03
8.622780712055139247e+02 2.005862101597680976e+03
1.518920366122051746e+03 4.144341690663459303e+02
1.997154505331381188e+03 4.118979790560658785e+02
1.088737554540933843e+03 3.485910687693930754e+02
2.009702659982196565e+03 1.952289701348097879e+03
6.779998659441918107e+02 1.706055635068849142e+03
1.271187231782780600e+03 7.615176824127845521e+02
1.104520480149412379e+03 1.644858895253460787e+03
4.310509769003564884e+02 5.857058653784091575e+02
1.276793853563492121e+03 4.135794476140476377e+02
4.896492605337643340e+02 1.116378529019772486e+03
7.927531985564124852e+02 7.056271353621942808e+02
7.345374456950312947e+01 9.900747138480829790e+02
1.522372302278691450e+03 1.232874850371328648e+03
1.046806354228487862e+03 1.941444713657441753e+03
1.978067997293920826e+02 1.520364293359592466e+03
1.224595001787545243e+03 1.526143304450716187e+03
1.696371279478270026e+03 7.047389554293050651e+02
9.780925452620562055e+02 1.231006770069699314e+03
6.859741397501768461e+02 1.999590021110352836e+03
1.292570373839213858e+02 1.100743435503786571e+02
1.696682404002082649e+03 1.179220260078041065e+03
9.738623792412937519e+02 3.524960099893516485e+02
1.876657156471449980e+03 2.942264203089141574e+02
1.880989547368749299e+03 1.809274537370636438e+02
9.817899461059073474e+02 1.524918558291477666e+03
1.858691393931532048e+02 6.970329241933184221e+02
1.574434082791228775e+03 7.641631557234325101e+02
1.874956393247268807e+02 1.231077951972258688e+03
3.828398472866506950e+02 1.878201688627221756e+03
7.003052139859998704e+01 7.006060379189946161e+02
1.397798790640032394e+03 1.471618734819664041e+03
7.407592056784934584e+02 1.523770110791780553e+03
1.947232434806607671e+03 1.533365564539008574e+03
1.824575661485183900e+03 1.593601876491766461e+03
5.458200939565416547e+02 5.800089480057712308e+02
3.231423743800517059e+02 1.937891135565202376e+03
1.951075049201424690e+03 1.828550195925854041e+03
1.164217011708768950e+03 1.585339003077470579e+03
1.099623916351772777e+03 1.407290479081093054e+03
8.053726767073069368e+02 1.880523881382314812e+03
7.987049204571948167e+02 1.824844717831812432e+03
4.357862186212694837e+02 1.285283926468196341e+03
1.037168884128690024e+03 1.530790884620410452e+03
4.327678275517838529e+02 1.051841239421743921e+03
2.543225424012288158e+02 1.284021468197817740e+03
6.239710426699694779e+01 1.046332486588665631e+02
1.391123943345918406e+03 1.720926866889463156e+02
9.088252150884691218e+02 7.025311933427666418e+02
6.108452516100741150e+02 2.918903865085484313e+02
9.760947562110825402e+02 9.413814220239949009e+02
1.977788553551416157e+02 1.882923274843049967e+03
9.202436372846907489e+02 1.707131692039175505e+03
1.231610877307976466e+02 4.010949252423450275e+02
6.721323582825069707e+02 5.866206336304542219e+02
1.817381056595751943e+03 5.992945734124523938e+01
3.096127932154220730e+02 1.291391231314572678e+03
8.506303066554169163e+02 9.361241873741290647e+02
4.253602618749164321e+02 5.205986176987512408e+02
2.440289788103602291e+02 3.430704224608845152e+02
1.273495753359615492e+03 8.209038371671139203e+02
1.647685053985133436e+03 2.009903710368517750e+03
6.717879768341967974e+02 4.089865404760146816e+02
7.941697067756392698e+02 7.645495975986327721e+02
1.458596907691927754e+03 1.356591062729759869e+03
8.592604784994030069e+02 1.766902769312789360e+03
9.874218901536339672e+02 2.000980273240041925e+03
1.700628554291206910e+03 5.335715124623568499e+02
8.589836352450328150e+02 1.347530752633600969e+03
6.684118660957456086e+02 7.585662609162329773e+02
1.693615439833861274e+03 1.135248932158002617e+02
1.248660783690503422e+02 2.229287708267068808e+02
1.512690885644724403e+03 4.684747219688150608e+02
4.950923997351215462e+02 1.227990779367357618e+03
3.709929255655343923e+02 5.842849252954903250e+02
6.182794736255013959e+02 1.346915403736559028e+03
1.640371451515617537e+03 1.415037534921774295e+03
1.037181661158423367e+03 1.230596475552014908e+03
3.102557568829831212e+02 4.663521299279589698e+02
9.192267939864692607e+02 1.347683986599680793e+03
1.700000970681378249e+03 3.560311526751136739e+02
7.347503490929316285e+02 9.397793271480877593e+02
9.814301715934689128e+02 1.886160131982210942e+03
1.395271715532167178e+01 9.895061239804405204e+02
1.090584446118932192e+03 8.785674855307111102e+02
1.161212216739343830e+03 1.708830055652913188e+03
1.516443635867555713e+03 1.189932099979817224e+02
1.525992475520087282e+03 1.467746624723044306e+03
1.886803120029632908e+02 3.485881723801218754e+02
2.503283742169880952e+02 1.349281571314457096e+03
2.509104290389576590e+02 4.653667129175867103e+02
1.908965255892941215e+01 1.460151558498293070e+03
9.224309211523458316e+02 1.583859556229619784e+03
1.454030421581122710e+03 7.030629307111836397e+02
2.003390712394370212e+03 1.236999776967109938e+03
1.030142421824290068e+03 8.209862630738144844e+02
7.437331683825837558e+01 1.165819799142956299e+03
1.827144886872366897e+03 1.831773338122629411e+03
3.134466836523492930e+02 1.226153057115217962e+03
6.676665658818226348e+02 6.997563139694191250e+02
1.511539723399966988e+03 5.268073614857578946e+01
2.454696282177714863e+02 5.787494142373154773e+02
1.881739567739509766e+02 1.099406907537870524e+02
1.454501260861661194e+03 1.178038186262144563e+03
3.716226557391648839e+02 7.617296082185862360e+02
8.659752565567416696e+02 1.822389689716530938e+03
4.241314503331560672e+02 2.247524926633437019e+02
1.995559073761644129e+02 1.820271103160171378e+03
5.544772861230429726e+02 1.527557886591935812e+03
1.258928414819066006e+02 6.375701874751887317e+02
4.949699133626290291e+02 1.586750146464460613e+03
1.912876866841491221e+02 6.421517669529822570e+02
1.756687438305937121e+03 5.279757565567014126e+02
6.055779481627897667e+02 4.050153886623809854e+02
1.277856843764109954e+03 6.485320671255409479e+02
3.029529815989133681e+02 3.438878861805750375e+02
3.647043621702216001e+02 2.239743647910779885e+02
1.513296810260046868e+03 2.918793938109061514e+02
6.697973065901364862e+02 3.519761695683624794e+02
1.694930702370694462e+03 4.100881508127187658e+02
1.215408043446746888e+03 2.952531548617561157e+02
4.876867921993974733e+02 8.158686052069707557e+02
2.559933856336898543e+02 1.823757482392722068e+03
1.591609332287501502e+03 1.945474433663651780e+03
1.046326597208328849e+03 1.703628087943342052e+03
4.369090846936409775e+02 1.703484088345365763e+03
1.152557285581654241e+03 7.620190771951872648e+02
1.523389886768362658e+03 1.411643390104006812e+03
1.702005207352933894e+03 8.271161630696992688e+02
3.053088975080631258e+02 4.017275784389685214e+02
1.724664253106073630e+01 1.821813474806662953e+03
1.226972835136991989e+03 1.705349930795575574e+03
1.283317383647492534e+03 1.466280831052045869e+03
7.317409741834621855e+02 4.099386720506977326e+02
1.088558648461671964e+03 1.105413885739486375e+02
1.641989595677598572e+03 1.473139629264117275e+03
1.288903519678429575e+03 2.003079844660018125e+03
1.158894970759444476e+01 7.001045015439647159e+02
1.389827875171495180e+03 1.121902262509512838e+02
1.772345342894929217e+03 2.007351293916429768e+03
9.098115631821057150e+02 7.608960090283001136e+02
1.228570178583047209e+03 2.002434535371899301e+03
6.808178924138937873e+02 1.523754711780771231e+03
1.459833123322782740e+03 8.279457451352665203e+02
8.355996791480670538e+00 2.275946692179183515e+02
2.470832617484727507e+02 8.141275324649392360e+02
7.313120627349724145e+02 1.134032597183471438e+02
6.244709164851667538e+02 1.819519111773286795e+03
3.036817089310977735e+02 1.055275213212348007e+02
7.903451030469983607e+02 8.765565577876579937e+02
1.819137555431271039e+03 1.059269887684181413e+03
1.331372259392160458e+03 5.262935882995026304e+02
1.695924927561896538e+03 8.813257171341230105e+02
1.035362993373622203e+03 4.107536050795335427e+02
1.884131841430866871e+03 1.003858622323625241e+03
9.159723267693351545e+02 8.823034859341458969e+02
1.403679359184513487e+03 1.709889808570005471e+03
6.718375061853541865e+02 8.231599230819988406e+02
1.150086951028800740e+03 3.489650861841569167e+02
3.728953786635695451e+02 1.467917813521195058e+03
1.706393011896360804e+03 1.711880144104613009e+03
7.397263711871706846e+02 1.826007655035940388e+03
5.606128324605391526e+02 2.004978276406234500e+03
5.476833604326158138e+02 8.168991614536462293e+02
1.097585732769285187e+03 1.470256929007253575e+03
1.571211585916742479e+03 5.293799310826456406e+01
1.040377561067362194e+03 1.407360729961830657e+03
1.398472931669940408e+03 5.320700804733337463e+02
1.398909661778352529e+03 7.094035108008774841e+02
1.213064062036082532e+03 1.177059036304447091e+03
1.163866607149613401e+03 1.526687853476514420e+03
1.104469629044111116e+03 1.586406364564643354e+03
4.930629838735874273e+02 8.808979497472518005e+02
4.256136945224174610e+02 9.955260286773561802e+02
4.383635517700170681e+02 1.582122306943461581e+03
9.111569658178865438e+02 1.176052861581807065e+03
1.093243442432401253e+03 1.295149770687136652e+03
2.008289332942067858e+03 1.654974304299382766e+03
3.702503995080625145e+02 3.492842906450870828e+02
1.691976464272643170e+03 5.488304936085809516e+01
6.174349327315920846e+02 1.765519666576465170e+03
8.496099228888641619e+02 4.638792606072882450e+02
1.223002357769739319e+03 1.887804455401719224e+03
1.640635565397762321e+03 4.752164360136798109e+02
7.924950017784644842e+02 1.293737927371630803e+03
1.631752314509869166e+03 5.316134289208459052e+01
7.452503749216508595e+02 1.941518163740329555e+03
9.786424720494301255e+02 1.589799992838838762e+03
7.904157770421213627e+02 1.116248054745403806e+03
4.902487290935616784e+02 9.389756451735275959e+02
1.757274755223152624e+03 7.646030754874918784e+02
1.573719979271608281e+03 5.284762971184617300e+02
7.344535604802772468e+02 1.352196007218175964e+03
1.753890888956908611e+03 2.324243387096261131e+02
6.415928352103649956e+01 3.996695986702056302e+02
1.513915289608479497e+03 5.281674870275405738e+02
1.057144494917272937e+01 4.636554662721206910e+02
3.756619304012776297e+02 1.403842604173663176e+03
1.935627314573484909e+03 3.535563475268841671e+02
1.028649479726448135e+03 2.286454815412086532e+02
8.659120763220137462e+00 4.052330183197925066e+02
7.260932828066786442e+02 2.271977950622963647e+02
1.346204196205200560e+03 1.587044438696495945e+03
1.767597265572166407e+03 1.711487722599516246e+03
1.517398515573777104e+03 1.778597443376160925e+02
3.228834656283526101e+02 1.878421129900685173e+03
5.544476625572445982e+02 1.169338960263736681e+03
4.431028453736014399e+02 1.760200009450913512e+03
7.283622025079663445e+02 8.176813142042755089e+02
7.867167880673158606e+02 3.465448971565337501e+02
1.273003506597087267e+02 5.008426727381917942e+01
1.701240858672899094e+03 7.704411726050477682e+02
1.532235552552287572e+03 2.005252229314509577e+03
2.622876638512414047e+02 1.698207794805952062e+03
1.404699728469189949e+03 2.008731496069971627e+03
4.983278270947383817e+02 1.884242138222974290e+03
1.757360522357328136e+03 9.407611257076945321e+02
1.092801934106827730e+03 9.379791087473214475e+02
1.464462836185370861e+03 1.468731068135296937e+03
2.451381047710132179e+02 5.197409361785678357e+02
1.217737688978557799e+03 8.844059341571969526e+02
1.394965295212609817e+03 1.237430175335864305e+03
1.213196182936670994e+03 9.968599687362159329e+02
1.042062649241857798e+03 1.826284041997272425e+03
5.448815865243453800e+02 3.460471359137304148e+02
1.227075479171823417e+03 1.763617075151111067e+03
4.918673103064832048e+02 1.350264442996438902e+03
1.848109152864004443e+02 7.554647656512839831e+02
3.726082836286588531e+02 1.167820150626362192e+03
1.151117664273783475e+03 7.020205937244411416e+02
1.881672927170737921e+03 4.749162168524279082e+02
6.750146686303810384e+02 1.110807749730514843e+03
4.911618230107920340e+02 7.023468230912117178e+02
1.887524511265685078e+03 1.831517379542918889e+03
1.452958130470785363e+03 4.682246346998505260e+02
1.457483193362742895e+03 1.171699017157672955e+02
9.695386598643547131e+02 7.600298721300905527e+02
5.586608766602463447e+02 1.462087870592175250e+03
1.875652369860147928e+03 3.534858911580376457e+02
5.520774679628409558e+02 7.041112178503063888e+02
1.584190667927199684e+03 1.830385181967256358e+03
1.758091008557710893e+03 3.562088356034683443e+02
6.086974644132114918e+02 8.757287015089202669e+02
1.089962730373402792e+03 2.894303326283204001e+02
1.819788625005553968e+03 1.201307178242824989e+02
3.721297369347972221e+02 8.206843656021852667e+02
1.037224775052017321e+03 9.419918626768092054e+02
1.155721599131392168e+03 5.296157596284560896e+02
1.398134852163628011e+03 7.680199369050673113e+02
1.822304364804123452e+03 4.756181903495665892e+02
1.832197618758349790e+03 1.949028106010835700e+03
1.887274697826102852e+02 1.691060028184976147e+02
1.944245222875374793e+03 8.291288870720250088e+02
1.821042905486301379e+03 1.237702448730072092e+03
1.338876631796136280e+03 1.472204716598666209e+03
1.222615972602694910e+03 1.467252384224660091e+03
1.763857690685358648e+03 1.592879542489848518e+03
6.139604285402612049e+02 1.467998615558898791e+03
1.357695772020817060e+02 1.401533651623120932e+03
9.784826899935983420e+02 1.290127599202355441e+03
1.644425366998601476e+03 1.771740559722678881e+03
3.668435978656134466e+02 6.968410167973016769e+02
6.744671215156862445e+02 1.409933186551556446e+03
7.324265043118740550e+02 4.681287261288729837e+02
9.211026963991045022e+02 1.946295895669602714e+03
6.922241669130474406e+01 2.280652311552555318e+02
1.633063027992474417e+03 1.728256841635561898e+02
4.363884500705111122e+02 1.344038643564347467e+03
2.548752558030744240e+02 1.584870556394014329e+03
1.706256366320544657e+03 1.652189264586052332e+03
1.091035566821163911e+03 6.430554672730501125e+02
8.500045036641903380e+02 7.006249512947406402e+02
1.275477440906119000e+03 1.755759437429535978e+02
6.844002560825873616e+02 1.819514650342809773e+03
6.205533597931313352e+02 2.003819442155956949e+03
4.926558719924952356e+02 1.051225085382988482e+03
1.580195728447198007e+03 7.088077245141857929e+02
1.882934435379575007e+03 7.697813886901850537e+02
1.815735233899193190e+03 3.527505358518050116e+02
7.309194445124157937e+02 1.173299877066456702e+03
1.967542870471229151e+02 1.942670189189441089e+03
1.102976243676548393e+03 1.946273118489569015e+03
2.003244851978856104e+03 6.528574515149409763e+02
1.517856864083867777e+03 3.574167927337101105e+02
1.095258590653751526e+03 7.665603894085310230e+02
1.031254157927702863e+03 8.782207882817459677e+02
1.336313986394697622e+03 2.355490858944007186e+02
1.821418456830073410e+03 7.106793555403113487e+02
1.279117737337520111e+03 1.173263737919715140e+03
1.332201996739847345e+03 5.850331663904177049e+02
9.092693888298757656e+02 4.643865336810519011e+02
6.099199786706254827e+02 9.343744620691333012e+02
1.942875284362872662e+03 5.348570606319296985e+02
7.397163996631192049e+02 1.465160600054630777e+03
1.389009157276810527e+02 2.001590091564070917e+03
9.815434166366086401e+02 1.826913290840942636e+03
1.393251832264393897e+03 9.408676398739462456e+02
1.091814078734227678e+03 7.023760310431572407e+02
3.147914754198613991e+02 1.584293430082404257e+03
1.645610226091731874e+03 1.829820632976545312e+03
7.278877446353011464e+02 7.592681993981602773e+02
1.830828576200105317e+03 1.768774733692514246e+03
9.707065798841713331e+02 5.828663515113340736e+02
2.433145895690022940e+02 2.831862383444060356e+02
4.256457923634720260e+02 2.845974910136684457e+02
1.883174363627234015e+03 1.474619719760396492e+03
1.463205854625531174e+03 1.651564811636832019e+03
1.460630777516861144e+03 1.233563477919496336e+03
1.951377355124955784e+03 1.888286003250933391e+03
3.082045478320279699e+02 1.055769060745380784e+03
2.516356898322757161e+02 1.050512860856462339e+03
1.159426549036315009e+03 1.291245217250673704e+03
7.264613044725681448e+02 2.868800374198218037e+02
6.101341236548255438e+02 9.980436652292328290e+02
4.326090235959691768e+02 8.802470510381631357e+02
1.331963882717809838e+03 3.487345103997917590e+02
1.640967403380830547e+03 7.685838399768614408e+02
1.335724521574350547e+03 1.295432515694896892e+03
5.432592267913217938e+02 1.072572028878159927e+02
2.465075038361487714e+02 1.171822648485821446e+03
4.312817764318895115e+02 8.221374727413606252e+02
1.824473833812021667e+03 1.533300828817610636e+03
7.909223224687387983e+02 1.730512178449576481e+02
1.696400719236977693e+03 6.476445317802192676e+02
8.169463793903542381e+00 1.693409501047163417e+02
1.769903385102760922e+03 1.827747792266160786e+03
6.151032776958581962e+02 1.167757584849191517e+03
7.969088021392346377e+01 2.001377594566502694e+03
1.522540933831065786e+03 1.532167115083557974e+03
4.955952572181722076e+02 1.285034056264687024e+03
9.741730088510066707e+02 1.411309521285686060e+03
1.271022722851480239e+03 2.884136695322400783e+02
6.665871514412967827e+02 4.640236468312218108e+02
1.693933415462309313e+03 2.322775816198321763e+02
6.809098963158019160e+02 1.582064426177638552e+03
6.183103820570621565e+02 1.706389212847531780e+03
3.110908428701984576e+02 7.614115225047471540e+02
3.670688001251898527e+02 1.055974156160794109e+03
1.890977481858121337e+03 1.949314004919996023e+03
1.217217250304790923e+03 1.354648546406102696e+03
1.029183162690799008e+03 2.884207384897169959e+02
4.287739031479501932e+02 1.112937127836470097e+02
7.880521932647166068e+02 5.826208040662057783e+02
6.433252914016006230e+01 1.627403363693710787e+02
1.577110282333210989e+03 1.297318026102505655e+03
7.860353616748150216e+02 4.973660708987987533e+01
3.767162513424113399e+02 1.764628790312439833e+03
1.342861514417446870e+03 1.350009867064979517e+03
2.288637772360984712e+01 1.996092644003850182e+03
9.137110475819123394e+02 5.873304368831013562e+02
1.520672784199597572e+03 1.174161764816497680e+03
1.768883679578546435e+03 1.889682675795842215e+03
7.286520847576147162e+02 9.930583859012200492e+02
9.108599359977441736e+02 9.949290923340216750e+02
9.156026116465396854e+02 1.055125624915013987e+03
1.519941418536118817e+03 8.281447679056012703e+02
1.515870058097786341e+03 9.986758539352147181e+02
1.221062854366572083e+03 1.649541895012209352e+03
1.402623650762491252e+03 1.292090026427986913e+03
1.397926703431330452e+03 2.950319577534290261e+02
1.338428931610702421e+03 7.086868696782184998e+02
1.823529962825730081e+03 9.452418879653831709e+02
1.313660927995186398e+02 8.191959154111032149e+02
9.846169583698909946e+02 1.944295313757251733e+03
9.155787862653355660e+02 8.247199250614704624e+02
1.329358512105219916e+03 1.121882462019211175e+02
1.757674398383351217e+03 5.897293290649014352e+01
1.587414171033837818e+01 1.583929076260461215e+03
1.213825236279850287e+03 8.208394575343787665e+02
4.433263183618529979e+02 1.818814745815173637e+03
1.453906362275773972e+03 6.450643739099641607e+02
6.694889114518981899e+01 1.055100243937987216e+03
1.895217189007626075e+02 4.060180356435605518e+02
6.679044617537039130e+02 5.227306199790054961e+02
4.318405623119049324e+02 1.408999640334273636e+03
4.248443042136510712e+02 6.976576345054281774e+02
1.398804762686158028e+03 1.413908644084267507e+03
8.198043224356811720e+01 1.936389531606591163e+03
1.941273063816466220e+03 1.809409064469435862e+02
3.110435745931997076e+02 5.246726018338008544e+02
1.525915896812821529e+03 1.889408585066967589e+03
1.274855168758874242e+03 1.296138428632550813e+03
8.456309250783956486e+02 4.877256030284432597e+01
1.707536501248333934e+03 1.771090479141408878e+03
8.562099344185165819e+02 1.527702501378195848e+03
1.157348007963296823e+03 8.265155618399674040e+02
3.092779869448760337e+02 2.300001850295278416e+02
9.792752925466141960e+02 1.648070426150977710e+03
3.075425794463778857e+02 1.114710509724748135e+03
1.700498782857264132e+03 5.917176329941173663e+02
1.573686828025804516e+03 3.509131917465502397e+02
2.574202075288324636e+02 1.882793300159285536e+03
1.633125525050929582e+03 1.138154749471010945e+02
1.227226199568019410e+03 1.944453159020171370e+03
1.756890467311051452e+03 7.055970237718488534e+02
8.540919815752254181e+02 1.170823412384919266e+03
1.261820974067437646e+02 4.594111940493406223e+02
1.896759303311093845e+02 8.195441112872119902e+02
4.286500050812958875e+02 3.503550561306946634e+02
4.854505788674371161e+02 3.455010734242399053e+02
9.697938509465843708e+02 5.246292738993299736e+02
2.004695856451301097e+03 1.064869134219314219e+03
5.498768006176594554e+02 1.115164049296524809e+03
3.690694761849534302e+02 2.904274740513045003e+02
9.253402349833638709e+02 1.763230031796595313e+03
1.097103069087464974e+03 1.113734536373161291e+03
1.814704538949397147e+03 2.933550669992424105e+02
6.075190434108187674e+02 6.400809238268923309e+02
2.002872336969306389e+03 5.948593093109224128e+02
2.011414195688604877e+03 1.769644698926711271e+03
2.008732737554111964e+03 1.471776897647939904e+03
1.823708614360971524e+03 1.176237884780140803e+03
3.166064759095792738e+02 1.764492978640838828e+03
1.575817642020532503e+03 1.058692380353524186e+03
1.942782108410213823e+03 1.417128319258647480e+03
8.531780220892989064e+02 9.982006769754656261e+02
2.510303270807508511e+02 1.407158027970410330e+03
1.876673705779504644e+03 4.113072821467665676e+02
1.880168590669793275e+03 1.209698744675920921e+02
1.149616280194096817e+03 1.699470189326449372e+02
7.339611727791382236e+02 1.053657165756114409e+03
1.942028416659892628e+03 5.925100999977510128e+02
1.153551432990745298e+03 2.354681120995726644e+02
1.935652214967863301e+03 1.157476856915885008e+02
1.640258987747304900e+03 7.113744400344533005e+02
1.705259933226262774e+03 1.470891730365797230e+03
1.882736712154940506e+03 5.340955430502652916e+02
1.277870364269971105e+03 9.414012398537574882e+02
1.106441363124258942e+03 1.822996411705748187e+03
6.725979372695532277e+01 1.111738020910402383e+03
1.274864628124605019e+02 9.943642543078947256e+02
1.921554028493420105e+02 1.050499273149405781e+03
1.219265644552283220e+03 1.232398991266355324e+03
1.579920556718435137e+03 4.732482439374874730e+02
1.272045227937552681e+03 4.680911221807577931e+02
1.849801076543618308e+02 4.610919842025287494e+02
1.637893725393164914e+03 2.959281865924924659e+02
2.003292416366863108e+03 1.417106360289367785e+03
1.345567824038129174e+03 2.008663741336782095e+03
4.908062468867739199e+02 1.713706690347552808e+02
5.494053905366977233e+02 2.900050203120703145e+02
1.163373284864872858e+03 1.887131728994449986e+03
3.096091556924421866e+02 2.889559577734529512e+02
1.637671204468690348e+03 1.178143448268126804e+03
7.393713463174719891e+02 1.885182972107785872e+03
6.056236359592772942e+02 1.667361373677088920e+02
1.937579966691432674e+03 6.476895305548531496e+02
7.522303881297317218e+01 1.583224643967976817e+03
6.131135148171952096e+02 7.641347849427609162e+02
1.590188804442560695e+03 2.005903657562444096e+03
6.043513442264701325e+02 1.072916338234655456e+02
1.520224681216895533e+03 6.498942145495605018e+02
1.883222912490950421e+03 1.415558353757581017e+03
1.216080515098792603e+03 5.310471548724383410e+02
1.894718578235857080e+02 5.834762066567316197e+02
1.515442689272651251e+03 7.630859985367142144e+02
9.731098560344587440e+02 1.148993165276621369e+02
9.674747632856200426e+02 1.702991566312458076e+02
1.634226447103614419e+03 3.513481607883001061e+02
2.569916361018135262e+02 1.642745966170522024e+03
1.094007237907088438e+03 4.109301184248174650e+02
7.078337732946144456e+01 7.593881539782598793e+02
1.640512593356253092e+03 1.003577224541449027e+03
1.272204729331760404e+02 1.053343639299491315e+03
6.621711507446812561e+01 8.721835592104192756e+02
1.334846127443117894e+03 1.760654176424395985e+02
1.045986380199168480e+03 1.884106941010488526e+03
1.819502773611884322e+03 8.243050909801687567e+02
1.254325628360629352e+01 1.047973820097957969e+03
7.645915322274353798e+01 1.460475251805779180e+03
6.728336548424671548e+01 4.770115467724784253e+01
1.944199774036043436e+03 1.475666985242529108e+03
8.476940788051412028e+02 3.470520699329332501e+02
1.514078305465510311e+03 7.049053040465311142e+02
8.536607429255534498e+02 7.646783179150925207e+02
1.381561590182908787e+02 1.760875153320361505e+03
7.970963955702465000e+02 1.529280155123746226e+03
1.767677947746570453e+03 1.951153513508290871e+03
1.158146053885935771e+03 1.114179440518010324e+03
1.157209039826454045e+03 1.470180930324071142e+03
1.764214809225275076e+03 1.412832089680552144e+03
1.214324272373800795e+03 1.168145704524856399e+02
1.344403173063446502e+03 1.708801631511171990e+03
1.761438030440691819e+03 6.511529766551067269e+02
1.278280588151583061e+03 1.002060916515211375e+03
2.465195767348544109e+02 7.576312350759836818e+02
1.272760606640114929e+03 5.258989495865718027e+02
3.646053906645631741e+02 4.036902763953883664e+02
1.707655262134323721e+03 1.950912210373021935e+03
1.828773941601826891e+03 1.651595350751173328e+03
1.637624402740893174e+03 1.238338643740851921e+03
1.651196651963937938e+03 1.945875305670739408e+03
9.734178841132734306e+02 1.056209782690196562e+03
2.445394991078758835e+02 1.076972533577099398e+02
1.710579794734327834e+03 1.887097318017784801e+03
1.457237720630835838e+03 3.541826231246090515e+02
3.682970153619493772e+02 9.339206884991024253e+02
1.879449276142610870e+03 8.829512333642744579e+02
5.521060994682093224e+02 5.252159970021983781e+02
9.746556501542352180e+02 6.472935629827144339e+02
8.529417055437992303e+02 2.332538698205865160e+02
1.947088583826991908e+02 1.342758925586596206e+03
1.817017677351953353e+03 5.889239549168601116e+02
1.150643845022176947e+03 4.074733621153132503e+02
1.290303396468199253e+02 1.288446038080174731e+03
1.692787257383471115e+03 1.736232544095795447e+02
1.759293331738714187e+03 1.000381398632697255e+03
1.029873832707114161e+03 5.836509017642989647e+02
1.940778219162986943e+03 2.388798795313601033e+02
9.142010564806894308e+02 2.933159258102180615e+02
1.342886513767305587e+03 1.769455537231808648e+03
1.640344186912570422e+03 5.325940832729936574e+02
2.509587413916705714e+02 6.436856874597276601e+02
1.454594003361225759e+03 5.745558227851228139e+01
1.882847013347233997e+03 7.116630758913319141e+02
4.882131864426892207e+02 7.577937572390098921e+02
6.220237923151521500e+02 1.641382110140577652e+03
1.282161251403963206e+03 1.408231489910974460e+03
2.001584503886070706e+03 2.392275640785119606e+02
1.458200907661400151e+03 2.968195210928213328e+02
1.105407044560231498e+03 2.007570399237574293e+03
1.097072542349230844e+03 8.254764254349482826e+02
6.684692561936678885e+02 9.366573979562463137e+02
7.955221563045530786e+01 1.699507378196376294e+03
1.272765451385047072e+03 1.060226421237771092e+03
1.290872877910228169e+02 7.589334086354939473e+02
3.102237250808709064e+02 1.348846175177007353e+03
1.154727555894877469e+03 9.959861056824403249e+02
1.392882360897668377e+03 5.858709538445452836e+02
7.882097808947238491e+02 4.066068619859195223e+02
4.855585144063755365e+02 5.222662304153781179e+02
1.304039303559125074e+02 5.244542810523436174e+02
1.156056199689732239e+03 1.412125034567335206e+03
1.098613223922634234e+03 1.529860369713187765e+03
1.215291863523679922e+03 1.055491491133442878e+03
1.857345287114379175e+02 9.932838360411790291e+02
1.032785403872297366e+03 1.159786724561982396e+02
1.093983354199642008e+03 1.752322211689755989e+02
1.215954876976946480e+03 5.886409507819855662e+02
1.212767567745229144e+03 7.024854895389511285e+02
1.842115059260482894e+02 2.243954550192543422e+02
1.152721042431885735e+03 1.236686279220668666e+03
5.576171704401675697e+02 1.823934135441485296e+03
1.393709614469476492e+03 6.451752720066773463e+02
7.899356525889932072e+02 1.058291764272041519e+03
7.273723963885527155e+02 5.241437354861576523e+02
1.459493709049042991e+03 1.413337507173220956e+03
7.372236858947965175e+02 1.588230844387663865e+03
6.795032947149956044e+02 1.884832004395253534e+03
7.330995812539532608e+01 1.524615392208914045e+03
1.819876928265160359e+03 1.297995154833437482e+03
4.850417091171506172e+02 2.852632937606177848e+02
1.815209440098989262e+03 2.334067449692383320e+02
1.581447184758949334e+03 1.532936548192772307e+03
1.459493626883202751e+03 7.681640188416264436e+02
7.890984182415854775e+02 6.409317963286115400e+02
8.024398151654825142e+02 2.006512740534717295e+03
9.146035032819851267e+02 1.411119714288869545e+03
6.107577309928533396e+02 1.233580859856393545e+03
1.338363068693334753e+03 4.716920797850550002e+02
4.279485145113958424e+02 7.579812217740447977e+02
1.526649803856460949e+03 1.949102024896741796e+03
3.055591433055752191e+02 1.661465112903311763e+02
1.335215535161533126e+03 9.390967525494032770e+02
5.512154076518796728e+02 1.291940777036545342e+03
1.939727391260311379e+03 9.413949832540964735e+02
4.895822172663454808e+02 1.173188209004239752e+03
1.866019543913524785e+02 5.200514476884508213e+02
1.999996564780682320e+03 1.001332343936828693e+03
1.703291627535284533e+03 1.293651127236993034e+03
3.107605829359741847e+02 7.024412240814964434e+02
3.070720025589847637e+02 8.164726052376428242e+02
6.666393858748797641e+01 9.295502809622764744e+02
6.997456059185215338e+01 2.872240307865612863e+02
2.011134797969153624e+03 1.828182207322111253e+03
4.868431206127150972e+02 5.799030681341716900e+02
1.889809076290687926e+03 1.709493320134054329e+03
3.787258958310169419e+02 2.002713253483403832e+03
1.101104530326624854e+03 1.768680374990263090e+03
7.346092888206567295e+02 8.805633929094134373e+02
1.212729699507590567e+03 5.651152282066968269e+01
1.331289057209809243e+03 2.904496179091167960e+02
5.585427804138257670e+02 1.765808174142965981e+03
1.329606409062511602e+03 5.171014016162414606e+01
1.882859541744079934e+03 1.296553802020133617e+03
1.102337120972672437e+03 1.707864930317572089e+03
1.586879198431352279e+03 1.888829980438826396e+03
1.815951263796848480e+03 5.305313102239407499e+02
1.286020273987111750e+03 1.645998945571831655e+03
8.486673918343084324e+02 6.419818953242390762e+02
7.895301803996574108e+02 8.190965830437587556e+02
1.581680892364920282e+03 1.174303348804075085e+03
1.369438868604564732e+02 1.943361080050310647e+03
1.736988107688441829e+01 1.642843358270231647e+03
3.156856662269071876e+02 1.822134162335672272e+03
1.336296341281878767e+03 4.122847230436175323e+02
1.998582019201534649e+03 1.177243535348859950e+03
1.763575951054027428e+03 8.854134325904200296e+02
1.998366735633311009e+03 7.660889044808209292e+02
2.011769475879597621e+03 1.710917541467658566e+03
1.270542955991885265e+03 2.301053499598995700e+02
1.512333197648855730e+03 2.320498881734833958e+02
4.972818512136514073e+02 1.646146213233165099e+03
3.783760771273835530e+02 1.704148406742293673e+03
3.197002367137876604e+02 2.003404611381883342e+03
1.813334337951509312e+01 1.519477140782298875e+03
1.162772744451573089e+03 1.948495688325486753e+03
1.338498888679860329e+03 1.115513462431544212e+03
4.923574682186680320e+02 6.451792352685772585e+02
5.552370048511500045e+02 1.585620252700941364e+03
8.514528341503469164e+02 1.235655365708865702e+03
1.318362213704213275e+02 1.465424722437842547e+03
5.472900801958868442e+02 6.390810589356849505e+02
8.607911126171056821e+02 1.707223168964550950e+03
1.457663750223809529e+03 5.323472367041409825e+02
7.635051021062611198e+01 1.762384651698191647e+03
1.889072825033978688e+03 1.773122162016167067e+03
1.289155378769775666e+02 2.886621304614716337e+02
1.972775248695952541e+02 1.580897240319148068e+03
1.938419237550394200e+03 7.065058059221448730e+02
1.877168567112919163e+03 5.893045991125552518e+02
1.997029396659461327e+03 7.074644607684056155e+02
1.572872778934785856e+03 2.921656899378810976e+02
3.789370055091545169e+02 1.944418029123623910e+03
1.824101765800997327e+03 1.354702546702489599e+03
4.983468031759776977e+02 1.825060700452761012e+03
3.752492610646058324e+02 1.524703926134642870e+03
1.148246872071007147e+03 1.116525207199422169e+02
6.775183129272555789e+02 1.647216349299089870e+03
1.333210639285966181e+03 1.060437675023936208e+03
1.824353531597471374e+03 1.472590691509312819e+03
1.035834890008948150e+03 1.352427886735146785e+03
1.398511951275024785e+03 4.727968033158210801e+02
1.335202599171338534e+03 1.237671531928567447e+03
1.046446892514082492e+03 2.005315536013901692e+03
6.204313576101787930e+02 1.945173223319963881e+03
5.524565870952250179e+02 9.946770074918025557e+02
5.435307568759765218e+02 4.693928172525903619e+01
1.154283444186323095e+03 5.511658135116124413e+01
7.328042157213615155e+02 6.455811982317668480e+02
1.518526974526127560e+03 1.296552658821158957e+03
1.756704042380456031e+03 1.121663445001265018e+03
1.397670651743312646e+02 1.639581228189028934e+03
1.762728078109873877e+03 8.287799489709213958e+02
9.118394621708705472e+02 1.234256294797799228e+03
1.519330338366857177e+03 5.920841865407974183e+02
6.648860548838720206e+02 2.269681371763098241e+02
9.116246521359523740e+02 5.390676352378208946e+01
1.468365786921561266e+03 2.007426386212576972e+03
1.152565043470606952e+03 5.851872078042169960e+02
1.995180925021561279e+03 1.155838262023263638e+02
1.396249620998890805e+03 2.364199617634740491e+02
9.093472143051847070e+02 5.237810280482001417e+02
1.156487149885682356e+03 1.057615837305979767e+03
1.395052196597869624e+03 5.608232801787120536e+01
3.135463398499204573e+02 1.526788349473624521e+03
7.078346597328906853e+01 1.348102823548115794e+03
1.641558898049719346e+03 9.457902554798272377e+02
1.392163664027031700e+03 3.504891800882612642e+02
1.337765225912616415e+03 6.495050756646204491e+02
7.927655292671651921e+01 1.819051689811727783e+03
1.277461413443744050e+03 1.354354887675214059e+03
1.817196203371523325e+03 7.660245661143061398e+02
1.267210411540562802e+02 9.314088854883502790e+02
4.366816424132874204e+02 1.645256149893938982e+03
1.524883543896914034e+03 1.829897689785789908e+03
1.322413873764708683e+02 1.525262324049789413e+03
1.184176047428087131e+01 1.347628574838139684e+03
1.947488551377606655e+03 1.712815525982709460e+03
1.451926606632712947e+03 4.087528065152649219e+02
1.467635742303751613e+03 1.825775835703727807e+03
1.933106623125464466e+03 5.496070257469762055e+01
1.465219811646388052e+03 1.949010829842977500e+03
9.721339823976269372e+02 1.174852038075562632e+03
9.709762611998344255e+02 5.462396225553433737e+01
2.572852614629338177e+02 1.520724019750053685e+03
1.820505516894138509e+03 4.143085930689099428e+02
1.879740590635249646e+03 8.250868248660403879e+02
3.123616101411091677e+02 9.930385705639129128e+02
1.527369047341962414e+03 1.648722489698231584e+03
9.079604995834469037e+02 4.061094806619013298e+02
1.457402756771914028e+03 1.118779443724665725e+03
8.499122447971720931e+02 1.059465570827115243e+03
9.708267355182970277e+02 9.949804641556157776e+02
7.870994785819010531e+02 2.860288610969415686e+02
1.849709918672329252e+02 9.363275741004309793e+02
1.274739869106288552e+03 1.118292552031248306e+03
7.363254507647910714e+02 1.287353562656657004e+03
9.722615541069386609e+02 1.118006042225416422e+03
1.396359436297607090e+03 9.991105585375504461e+02
1.700573427410781278e+03 1.063163804735191434e+03
6.694623309934306690e+02 1.174612641939826744e+03
1.452344270330051131e+03 2.313000634468063197e+02
1.091079269946302475e+03 5.252889833844355962e+02
1.831533199539688212e+03 2.008330484924493931e+03
7.333029619234051779e+02 1.410590428597918617e+03
1.879749272606548402e+03 1.119252445030708031e+03
1.210425800307012651e+03 2.297894050683272269e+02
1.998559185069652358e+03 3.547015029246513791e+02
1.276504949440766040e+03 5.899207940274409339e+02
1.982898110273680459e+02 1.701090705177870859e+03
4.908656616076059436e+02 9.928372310245704284e+02
4.826230599156515950e+02 4.630266713813310275e+01
1.094116778498180338e+03 1.236372133355583401e+03
1.822378596018863391e+03 6.524261931480789372e+02
3.801949208220624428e+02 1.640122165038009371e+03
1.211362143802981791e+03 4.662329382484346070e+02
6.882584365700643048e+01 8.149751844638016109e+02
1.098337453789682058e+03 1.001475017192808650e+03
1.761159320453713917e+03 1.062924600478649836e+03
1.949927581703968372e+03 1.651709581307246026e+03
1.644590321243382277e+03 1.530849818395195825e+03
4.334755113780037163e+02 1.466543087086439755e+03
3.693523063057212426e+02 1.290255057817414126e+03
6.082277359559482193e+02 5.039200277910993719e+01
1.760656738693922307e+03 1.297206240532936363e+03
4.267149674344455548e+02 9.362300428654339157e+02
7.939363965203426687e+02 1.352064586550124659e+03
1.220557040565535772e+03 1.589631377270868597e+03
1.589665429313655977e+03 1.707983645718830530e+03
1.269154923894966714e+03 5.117696467407820649e+01
2.012190895540126803e+03 2.011090261424081973e+03
1.701179572445327494e+03 1.356626985873098420e+03
1.464791426136037671e+03 1.889744363895346169e+03
4.292769726042945990e+02 1.230750544098081718e+03
1.956478646772144714e+02 1.643823922315298432e+03
1.515174484108800470e+03 1.120051041266385255e+03
1.154317189286981602e+03 1.177374288816550006e+03
1.033469042658684657e+03 1.746968307849230939e+02
1.577805819605162014e+03 2.355696719026116455e+02
1.030926154416591771e+03 6.430165100494625676e+02
6.772952764947692685e+02 1.347221957750374486e+03
1.392531685385557012e+03 4.081921748769561304e+02
1.887990805582912344e+03 1.591723137760096506e+03
1.997808757035125609e+03 1.749511878960917670e+02
1.944799299837276749e+03 1.005496390918036127e+03
6.949312321961456007e+01 1.289236918381207033e+03
6.145475691702275753e+02 1.527864969216647751e+03
1.459445948715394934e+03 5.901279430371763510e+02
1.395986328269400246e+03 8.809189825265021909e+02
7.978533586730119396e+02 1.586664039874476430e+03
1.095731497565104291e+03 4.701666697042603005e+02
4.986101470717776465e+02 1.522037232195176330e+03
1.695888674527283456e+03 1.121218557512529287e+03
5.523125980372343520e+02 1.350108684168963009e+03
6.703797124177673368e+02 1.232060181229669070e+03
1.938865810721818434e+03 4.712081511845445903e+02
1.765495284879696328e+03 1.531681812253092403e+03
1.943753298270984033e+03 1.063081496114863285e+03
1.698907439840067582e+03 9.414964914937028198e+02
1.642434926914253992e+03 1.293908425095370376e+03
1.766327493068221656e+03 1.653429152886562179e+03
3.082054046695334932e+02 9.335438461346016084e+02
1.030547080205399425e+03 5.243473450511019109e+02
1.308270722821598895e+02 5.825402629430386696e+02
1.636896810173352378e+03 8.235371285162764252e+02
1.280527763373682546e+03 1.530146627606743778e+03
1.648486826520721479e+03 1.649107845216513624e+03
1.091831597677680065e+03 1.058289571582989083e+03
1.094726625600451143e+03 2.337453627932753193e+02
1.760235460711729502e+03 1.177589159814146115e+03
1.881685541670372913e+03 1.180053560634900805e+03
1.948905622321316287e+03 1.951313236013423193e+03
1.404914439851805810e+03 1.649626862565421106e+03
6.683476886572769899e+02 9.943688666209723124e+02
1.216427145860072187e+03 1.412422622588781223e+03
1.223821302383059674e+03 1.827504149032570012e+03
1.577910502391250247e+03 1.238396239780580572e+03
1.364508431195397407e+02 1.702589278142115973e+03
1.998450291246128430e+01 1.879500783975974173e+03
1.039198250520987131e+03 1.588289433686426491e+03
1.283396729018081487e+03 1.769909039905052396e+03
6.417829552084823774e+01 3.422902287710376186e+02
1.841280569923857229e+02 2.835285292824775638e+02
1.583183703584878913e+03 1.353220187953289269e+03
1.697668790359404738e+03 2.966482216334055124e+02
1.637437079930404025e+03 1.116873415069183238e+03
3.074618192407680226e+02 8.733188816397572509e+02
1.943059372916730808e+03 1.237769629007852700e+03
1.916006658633083646e+02 1.464883789679310894e+03
1.462721278767260401e+03 1.591097519825879772e+03
2.002773528214737325e+03 1.359229182678965799e+03
1.090792779055487927e+03 5.836970813842494863e+02
1.936628179313275496e+03 4.114201099809494053e+02
1.348615006366392436e+03 1.944337603777690447e+03
2.008379492090272606e+03 1.891197557745279028e+03
1.912197365898784653e+02 8.789397768742791186e+02
1.817030902223632665e+03 1.000046158313501110e+03
2.007449489845436574e+03 1.593089671726829465e+03
1.939624391792730194e+03 8.834063877608455186e+02
1.878471067066959904e+03 6.485540361535503280e+02
7.938289224130523962e+02 9.991607962244089549e+02
1.701145578410316148e+03 1.003952858051375301e+03
7.278358588217886336e+02 3.463292906746203244e+02
1.519940566873054422e+03 8.856702055779475131e+02
1.576376085319336198e+03 8.227290537010835578e+02
1.998005225329526183e+03 4.710163312014522035e+02
5.525723674138273509e+02 9.365279880248463087e+02
1.822293669917312172e+03 8.872392721848682413e+02
6.179220649714256979e+02 1.404817215238756717e+03
8.478837233655382306e+02 1.096758270539041575e+02
1.279896101180689811e+03 1.589914359349803590e+03
1.410009140771204841e+02 1.877864482315708528e+03
1.273405514888730750e+03 1.170307991785215194e+02
1.405535825298227110e+03 1.949717073565789860e+03
9.700045007773244379e+02 4.658139542114605547e+02
6.733037148288703975e+02 1.468017296162018283e+03
3.678867423526320408e+02 8.740960406347688831e+02
1.999923366011222242e+03 5.317585914534066660e+02
1.031166601621387372e+03 1.057927072225302027e+03
1.580843691771851127e+03 8.857212183977899258e+02
2.064185890889256569e+01 1.760581693302110125e+03
8.506311459137781412e+02 8.772888124735835618e+02
1.586322912981507670e+03 1.770905079726411714e+03
2.487044883161243547e+02 1.114379934310335102e+03
6.110258103614722813e+02 3.503451080245399680e+02
1.087088237190788959e+03 5.149094582104402207e+01
1.890747846158017637e+03 2.011095786848477701e+03
1.457926852729050552e+03 1.057922662358193065e+03
2.464089943783988588e+02 9.378808398723477922e+02
1.943279373522427704e+03 1.358001610194763771e+03
6.681031883451581734e+02 1.113402038386215906e+02
4.878076844970086654e+02 1.108141788274516841e+02
1.027936197010257274e+03 5.027054664330766087e+01
3.649860660547648763e+02 4.609312160366926037e+02
1.576664736403814686e+03 1.116112440955939519e+03
9.110137429405251623e+02 9.372762002277381725e+02
1.999044433250047632e+03 5.879652692385963064e+01
7.951285559505161018e+02 1.230502264984129852e+03
9.685256917895723063e+02 2.281618882953967216e+02
9.156676923491183970e+02 1.469280566324250685e+03
1.528103004551551521e+03 1.768161062022233182e+03
9.077844831513974668e+02 1.698536262472343878e+02
2.491254725443077405e+02 4.067879188857703525e+02
1.585088132563907493e+03 1.589269380740068073e+03
4.385709768621488251e+02 1.883780299378000564e+03
1.154485327816417566e+03 4.707709439515765553e+02
8.527221317453150959e+02 1.292878346206176957e+03
1.580985612507417500e+03 9.441185915415420595e+02
1.647648820421316259e+03 1.709403307697972650e+03
1.949466579930252010e+03 1.772292526280273933e+03
6.084072108365996883e+02 2.277234826618989985e+02
1.576627792035560560e+03 1.773798942283087285e+02
1.396343777412495001e+03 1.057266468644330644e+03
1.582754294977271229e+03 1.472406150440987403e+03
1.282063073889658881e+03 1.827672882229085644e+03
9.076412180123667213e+02 1.106380488012238317e+02
1.286415987299473045e+02 8.734945642463770810e+02
1.335338914226959787e+03 8.220908748178391079e+02
6.095227380343037566e+02 1.056656578514966668e+03
1.217318190319686209e+03 9.417690379822723798e+02
4.919854555226214643e+02 1.408764252976285661e+03
1.033795519614476007e+03 1.294351983566423087e+03
1.873659788544991670e+03 5.378786786090912386e+01
1.878314472224304836e+03 1.059493058673291898e+03
7.885463729442774365e+02 2.297105255640217649e+02
4.255404216945003100e+02 5.121490292432469715e+01
1.409084840774522490e+03 1.883996684759462369e+03
2.601623983748278874e+02 1.759903535845075112e+03
1.913608444814793756e+02 1.406805367602279375e+03
8.564474236215585279e+02 1.468637193567436270e+03
1.395970976241016842e+03 1.177382052476191802e+03
1.213866183760746935e+03 1.119479153861501118e+03
1.036573182716162364e+03 1.000141897459271490e+03
1.755320103127407947e+03 1.159885072880664296e+02
1.879962652865106065e+03 1.240089001295820026e+03
8.496378877058516537e+02 2.893618377588392150e+02
1.705941986178028856e+03 1.589556788058422399e+03
6.113441326639159570e+02 1.291089382296970143e+03
2.002749592052650542e+03 1.298732871665870334e+03
1.883478732779844904e+03 9.470066192591477829e+02
1.041612988869609808e+03 1.768259618457890610e+03
3.156962487975953309e+02 1.462020306327509388e+03
6.686714869335833100e+02 2.881043331220860182e+02
1.708696294582762903e+03 2.009339000223569883e+03
1.939073466576180635e+03 1.180197977794910230e+03
6.613873515495940580e+01 5.780167944354822112e+02
1.154617024333031949e+01 1.406124454993056133e+03
1.637995704347007631e+03 2.376038636718664634e+02
3.039593705750770596e+02 4.692407418554597598e+01
3.201036185032718322e+02 1.700414806531061004e+03
1.638743496647466372e+03 1.059507815894436135e+03
9.241921089004263195e+02 2.004099961802949110e+03
1.819867402501962943e+03 1.119442772623438032e+03
1.937583655759303383e+03 2.954598556628482697e+02
1.161403032702623705e+03 1.647715962386620731e+03
1.029545095197986484e+03 4.653439054212823862e+02
1.815209039642425523e+03 1.757744273208320465e+02
1.032343538521348137e+03 3.515452190004870658e+02
2.001719760040092979e+03 2.991537282806946223e+02
1.702542512320333799e+03 1.235932291273391456e+03
3.685530189452770742e+02 9.954035696050791557e+02
5.487519658709667283e+02 1.695837657571349837e+02
1.407116190192460408e+03 1.767661896655182318e+03
2.003034038144660826e+03 8.874435719095680497e+02
1.334120596292290202e+03 7.648366505093589467e+02
9.750318674510458550e+02 1.353217016189541710e+03
1.165234484601025997e+03 2.005523285128728730e+03
9.089801381094040380e+02 3.488803258357714299e+02
4.383128334524169532e+02 1.943383412088826617e+03
1.395749578163176693e+03 8.226468901708545900e+02
1.166173098819449478e+03 1.765786248665789799e+03
1.466974974956361848e+03 1.708197516461238592e+03
1.939024681651024594e+03 1.119898010940289396e+03
7.289249186655364383e+02 1.693610750814819141e+02
1.638569307377789528e+03 8.819618968156166829e+02
6.667457902447418974e+02 1.684360249552364053e+02
2.001607234887424966e+03 9.429695631886102092e+02
9.119804947316307562e+02 2.316791054122999469e+02
9.724665237443903152e+02 2.920502247788418231e+02
1.274565035303259947e+03 7.038069965843664022e+02
1.336739034927233888e+03 1.000661270932514071e+03
1.153012279974391049e+03 6.433985686826769097e+02
1.212936007529135168e+03 6.456265797129464090e+02
3.675591407988961805e+02 1.095911649112894679e+02
2.494949437890571744e+02 9.915418009265475803e+02
1.833136169769018693e+02 4.602760922094009288e+01
1.287913781065624107e+03 1.884797880552658398e+03
4.290032787651747981e+02 1.689914457941834769e+02
1.455949632690431827e+03 9.977273830099406950e+02
7.903291104517664962e+02 1.130275669258866884e+02
8.291004378481638071e+00 6.408817730717790937e+02
2.505225233454808063e+02 8.759731265822605337e+02
1.517409351122611270e+03 9.417409349984774281e+02
1.876066473661631790e+03 2.358045759311676193e+02
1.033360748751063511e+03 1.115342721208859302e+03
7.293925233903660228e+02 5.260449716938259712e+01
1.577827230827623453e+03 9.994512762837284754e+02
8.500186820710599704e+02 1.714497154630342663e+02
1.516971742925701164e+03 1.059122272300739496e+03
1.950341322331671108e+03 2.010592684964939735e+03
6.807105368017763567e+02 1.944898107019086183e+03
1.456393976325822678e+03 8.827148192703566565e+02
1.346161617501614728e+03 1.825652997254711636e+03
2.004916594252808181e+03 1.121025735243908002e+03
1.209035612681967905e+03 1.722407496638602424e+02
4.900670553233081250e+02 2.293721366559395847e+02
9.686587971563664041e+02 4.066987728748035238e+02
