1.197000000000000000e+03 1.676000000000000000e+03
1.856000000000000000e+03 9.130000000000000000e+02
1.979000000000000000e+03 1.503000000000000000e+03
1.866000000000000000e+03 1.739000000000000000e+03
1.731000000000000000e+03 1.032000000000000000e+03
2.040000000000000000e+03 1.443000000000000000e+03
5.960000000000000000e+02 2.031000000000000000e+03
8.350000000000000000e+02 1.793000000000000000e+03
1.743000000000000000e+03 1.858000000000000000e+03
1.676000000000000000e+03 1.441000000000000000e+03
1.080000000000000000e+03 2.036000000000000000e+03
1.375000000000000000e+03 1.556000000000000000e+03
3.460000000000000000e+02 1.434000000000000000e+03
1.855000000000000000e+03 1.090000000000000000e+03
1.139000000000000000e+03 2.033000000000000000e+03
2.039000000000000000e+03 1.092000000000000000e+03
7.750000000000000000e+02 1.792000000000000000e+03
2.870000000000000000e+02 1.492000000000000000e+03
1.859000000000000000e+03 1.500000000000000000e+03
2.910000000000000000e+02 1.850000000000000000e+03
1.320000000000000000e+03 2.035000000000000000e+03
1.258000000000000000e+03 1.912000000000000000e+03
5.910000000000000000e+02 1.731000000000000000e+03
1.073000000000000000e+03 1.557000000000000000e+03
2.870000000000000000e+02 1.553000000000000000e+03
1.310000000000000000e+03 8.520000000000000000e+02
7.720000000000000000e+02 1.493000000000000000e+03
1.498000000000000000e+03 1.797000000000000000e+03
1.196000000000000000e+03 1.855000000000000000e+03
8.240000000000000000e+02 1.026000000000000000e+03
1.982000000000000000e+03 1.741000000000000000e+03
1.502000000000000000e+03 1.913000000000000000e+03
8.310000000000000000e+02 1.494000000000000000e+03
8.950000000000000000e+02 1.733000000000000000e+03
5.400000000000000000e+01 2.029000000000000000e+03
2.300000000000000000e+02 1.552000000000000000e+03
4.140000000000000000e+02 1.673000000000000000e+03
2.930000000000000000e+02 1.730000000000000000e+03
2.040000000000000000e+03 1.502000000000000000e+03
1.793000000000000000e+03 1.267000000000000000e+03
7.740000000000000000e+02 1.853000000000000000e+03
1.138000000000000000e+03 1.735000000000000000e+03
5.500000000000000000e+01 1.969000000000000000e+03
2.260000000000000000e+02 1.315000000000000000e+03
1.139000000000000000e+03 1.974000000000000000e+03
4.080000000000000000e+02 1.494000000000000000e+03
1.441000000000000000e+03 1.974000000000000000e+03
3.510000000000000000e+02 1.850000000000000000e+03
9.460000000000000000e+02 1.027000000000000000e+03
1.918000000000000000e+03 1.501000000000000000e+03
8.280000000000000000e+02 1.261000000000000000e+03
1.076000000000000000e+03 1.974000000000000000e+03
5.340000000000000000e+02 1.731000000000000000e+03
5.330000000000000000e+02 1.790000000000000000e+03
1.794000000000000000e+03 7.970000000000000000e+02
3.520000000000000000e+02 1.672000000000000000e+03
7.140000000000000000e+02 1.675000000000000000e+03
1.730000000000000000e+02 1.970000000000000000e+03
2.037000000000000000e+03 9.140000000000000000e+02
1.860000000000000000e+03 1.559000000000000000e+03
5.290000000000000000e+02 1.492000000000000000e+03
8.850000000000000000e+02 7.910000000000000000e+02
4.740000000000000000e+02 1.912000000000000000e+03
2.310000000000000000e+02 1.789000000000000000e+03
1.624000000000000000e+03 1.977000000000000000e+03
1.258000000000000000e+03 1.674000000000000000e+03
1.690000000000000000e+02 1.553000000000000000e+03
1.613000000000000000e+03 5.600000000000000000e+02
1.710000000000000000e+02 1.849000000000000000e+03
1.622000000000000000e+03 1.738000000000000000e+03
1.618000000000000000e+03 1.797000000000000000e+03
1.739000000000000000e+03 1.502000000000000000e+03
1.743000000000000000e+03 1.978000000000000000e+03
4.140000000000000000e+02 1.972000000000000000e+03
5.240000000000000000e+02 1.081000000000000000e+03
9.540000000000000000e+02 1.615000000000000000e+03
4.720000000000000000e+02 1.614000000000000000e+03
5.340000000000000000e+02 2.031000000000000000e+03
1.126000000000000000e+03 6.160000000000000000e+02
7.120000000000000000e+02 1.553000000000000000e+03
1.919000000000000000e+03 1.443000000000000000e+03
1.259000000000000000e+03 1.855000000000000000e+03
1.924000000000000000e+03 1.979000000000000000e+03
1.925000000000000000e+03 1.680000000000000000e+03
1.015000000000000000e+03 1.617000000000000000e+03
1.921000000000000000e+03 1.859000000000000000e+03
1.187000000000000000e+03 7.320000000000000000e+02
1.199000000000000000e+03 1.914000000000000000e+03
8.930000000000000000e+02 1.675000000000000000e+03
1.380000000000000000e+03 1.975000000000000000e+03
5.890000000000000000e+02 1.435000000000000000e+03
1.922000000000000000e+03 1.799000000000000000e+03
1.800000000000000000e+03 1.619000000000000000e+03
1.492000000000000000e+03 1.203000000000000000e+03
1.433000000000000000e+03 1.263000000000000000e+03
1.199000000000000000e+03 2.036000000000000000e+03
5.890000000000000000e+02 1.492000000000000000e+03
8.370000000000000000e+02 2.034000000000000000e+03
4.900000000000000000e+01 1.551000000000000000e+03
5.950000000000000000e+02 1.972000000000000000e+03
7.150000000000000000e+02 1.792000000000000000e+03
7.100000000000000000e+02 1.614000000000000000e+03
1.740000000000000000e+03 1.917000000000000000e+03
7.750000000000000000e+02 1.910000000000000000e+03
1.617000000000000000e+03 1.558000000000000000e+03
1.019000000000000000e+03 1.911000000000000000e+03
5.950000000000000000e+02 1.910000000000000000e+03
7.100000000000000000e+02 1.378000000000000000e+03
9.580000000000000000e+02 1.970000000000000000e+03
5.950000000000000000e+02 1.673000000000000000e+03
2.330000000000000000e+02 1.729000000000000000e+03
8.330000000000000000e+02 1.555000000000000000e+03
1.862000000000000000e+03 1.861000000000000000e+03
4.720000000000000000e+02 1.850000000000000000e+03
1.134000000000000000e+03 1.558000000000000000e+03
5.910000000000000000e+02 1.612000000000000000e+03
2.800000000000000000e+02 3.160000000000000000e+02
8.990000000000000000e+02 2.031000000000000000e+03
5.850000000000000000e+02 8.510000000000000000e+02
8.380000000000000000e+02 1.911000000000000000e+03
1.370000000000000000e+03 9.690000000000000000e+02
4.120000000000000000e+02 1.910000000000000000e+03
1.563000000000000000e+03 2.037000000000000000e+03
1.803000000000000000e+03 1.920000000000000000e+03
6.550000000000000000e+02 1.853000000000000000e+03
1.805000000000000000e+03 2.038000000000000000e+03
1.683000000000000000e+03 2.038000000000000000e+03
3.520000000000000000e+02 1.611000000000000000e+03
1.621000000000000000e+03 1.857000000000000000e+03
1.380000000000000000e+03 1.915000000000000000e+03
1.801000000000000000e+03 1.560000000000000000e+03
1.075000000000000000e+03 1.735000000000000000e+03
1.740000000000000000e+02 2.028000000000000000e+03
1.734000000000000000e+03 1.267000000000000000e+03
4.120000000000000000e+02 1.732000000000000000e+03
2.920000000000000000e+02 2.030000000000000000e+03
6.520000000000000000e+02 1.673000000000000000e+03
7.160000000000000000e+02 1.911000000000000000e+03
1.741000000000000000e+03 1.619000000000000000e+03
3.490000000000000000e+02 1.552000000000000000e+03
1.619000000000000000e+03 1.501000000000000000e+03
1.740000000000000000e+03 1.678000000000000000e+03
1.920000000000000000e+03 1.739000000000000000e+03
1.494000000000000000e+03 1.439000000000000000e+03
1.860000000000000000e+03 1.622000000000000000e+03
1.979000000000000000e+03 1.385000000000000000e+03
1.312000000000000000e+03 1.381000000000000000e+03
1.608000000000000000e+03 3.810000000000000000e+02
9.460000000000000000e+02 8.510000000000000000e+02
8.870000000000000000e+02 1.143000000000000000e+03
1.375000000000000000e+03 1.500000000000000000e+03
4.740000000000000000e+02 1.791000000000000000e+03
8.960000000000000000e+02 1.912000000000000000e+03
8.350000000000000000e+02 1.674000000000000000e+03
1.493000000000000000e+03 6.760000000000000000e+02
1.803000000000000000e+03 1.799000000000000000e+03
5.320000000000000000e+02 1.672000000000000000e+03
5.920000000000000000e+02 1.850000000000000000e+03
5.930000000000000000e+02 1.793000000000000000e+03
1.016000000000000000e+03 1.674000000000000000e+03
1.317000000000000000e+03 1.616000000000000000e+03
2.350000000000000000e+02 2.029000000000000000e+03
8.870000000000000000e+02 1.261000000000000000e+03
1.552000000000000000e+03 1.266000000000000000e+03
1.018000000000000000e+03 1.854000000000000000e+03
1.676000000000000000e+03 1.498000000000000000e+03
1.310000000000000000e+03 1.086000000000000000e+03
1.251000000000000000e+03 1.322000000000000000e+03
8.840000000000000000e+02 9.690000000000000000e+02
1.010000000000000000e+03 1.321000000000000000e+03
1.379000000000000000e+03 1.794000000000000000e+03
1.675000000000000000e+03 1.382000000000000000e+03
5.350000000000000000e+02 1.971000000000000000e+03
1.733000000000000000e+03 1.206000000000000000e+03
1.434000000000000000e+03 1.443000000000000000e+03
1.983000000000000000e+03 1.798000000000000000e+03
1.866000000000000000e+03 1.978000000000000000e+03
1.985000000000000000e+03 1.980000000000000000e+03
7.090000000000000000e+02 1.436000000000000000e+03
5.340000000000000000e+02 1.909000000000000000e+03
1.307000000000000000e+03 6.140000000000000000e+02
1.861000000000000000e+03 1.679000000000000000e+03
3.520000000000000000e+02 1.732000000000000000e+03
6.440000000000000000e+02 1.025000000000000000e+03
6.500000000000000000e+02 1.435000000000000000e+03
1.379000000000000000e+03 1.737000000000000000e+03
1.610000000000000000e+02 6.120000000000000000e+02
4.080000000000000000e+02 1.434000000000000000e+03
4.100000000000000000e+02 1.614000000000000000e+03
6.570000000000000000e+02 1.972000000000000000e+03
1.983000000000000000e+03 1.622000000000000000e+03
1.366000000000000000e+03 2.620000000000000000e+02
4.300000000000000000e+01 6.680000000000000000e+02
4.660000000000000000e+02 1.376000000000000000e+03
1.680000000000000000e+02 1.611000000000000000e+03
1.319000000000000000e+03 1.678000000000000000e+03
1.197000000000000000e+03 1.733000000000000000e+03
1.187000000000000000e+03 4.970000000000000000e+02
8.950000000000000000e+02 1.615000000000000000e+03
4.120000000000000000e+02 1.850000000000000000e+03
1.070000000000000000e+02 1.551000000000000000e+03
1.065000000000000000e+03 4.370000000000000000e+02
7.650000000000000000e+02 1.141000000000000000e+03
1.065000000000000000e+03 3.780000000000000000e+02
1.313000000000000000e+03 1.498000000000000000e+03
9.580000000000000000e+02 1.792000000000000000e+03
1.120000000000000000e+02 1.730000000000000000e+03
5.310000000000000000e+02 1.614000000000000000e+03
1.914000000000000000e+03 7.970000000000000000e+02
5.890000000000000000e+02 1.316000000000000000e+03
2.036000000000000000e+03 1.033000000000000000e+03
7.750000000000000000e+02 1.616000000000000000e+03
7.160000000000000000e+02 1.852000000000000000e+03
1.865000000000000000e+03 2.038000000000000000e+03
1.856000000000000000e+03 1.267000000000000000e+03
2.310000000000000000e+02 1.852000000000000000e+03
1.792000000000000000e+03 5.610000000000000000e+02
5.100000000000000000e+01 1.730000000000000000e+03
1.192000000000000000e+03 1.380000000000000000e+03
1.674000000000000000e+03 7.950000000000000000e+02
7.090000000000000000e+02 1.493000000000000000e+03
1.069000000000000000e+03 1.322000000000000000e+03
1.318000000000000000e+03 1.796000000000000000e+03
4.630000000000000000e+02 1.082000000000000000e+03
9.600000000000000000e+02 1.913000000000000000e+03
1.741000000000000000e+03 1.740000000000000000e+03
1.311000000000000000e+03 9.120000000000000000e+02
1.072000000000000000e+03 1.497000000000000000e+03
6.500000000000000000e+02 1.553000000000000000e+03
1.249000000000000000e+03 1.028000000000000000e+03
6.530000000000000000e+02 1.615000000000000000e+03
1.916000000000000000e+03 1.091000000000000000e+03
1.986000000000000000e+03 2.037000000000000000e+03
2.320000000000000000e+02 1.970000000000000000e+03
4.660000000000000000e+02 1.435000000000000000e+03
8.830000000000000000e+02 1.028000000000000000e+03
5.820000000000000000e+02 5.530000000000000000e+02
1.801000000000000000e+03 1.681000000000000000e+03
1.983000000000000000e+03 1.858000000000000000e+03
8.840000000000000000e+02 5.540000000000000000e+02
1.019000000000000000e+03 1.733000000000000000e+03
9.520000000000000000e+02 1.438000000000000000e+03
1.670000000000000000e+03 2.650000000000000000e+02
1.738000000000000000e+03 1.560000000000000000e+03
1.980000000000000000e+03 1.561000000000000000e+03
3.540000000000000000e+02 2.031000000000000000e+03
7.590000000000000000e+02 8.000000000000000000e+01
9.510000000000000000e+02 1.495000000000000000e+03
9.560000000000000000e+02 1.556000000000000000e+03
8.930000000000000000e+02 1.553000000000000000e+03
1.246000000000000000e+03 6.170000000000000000e+02
1.669000000000000000e+03 3.810000000000000000e+02
1.736000000000000000e+03 1.439000000000000000e+03
1.435000000000000000e+03 1.494000000000000000e+03
2.220000000000000000e+02 4.920000000000000000e+02
1.190000000000000000e+03 1.440000000000000000e+03
1.133000000000000000e+03 1.379000000000000000e+03
1.150000000000000000e+02 1.969000000000000000e+03
1.672000000000000000e+03 6.760000000000000000e+02
1.613000000000000000e+03 8.530000000000000000e+02
1.795000000000000000e+03 9.720000000000000000e+02
8.240000000000000000e+02 1.084000000000000000e+03
1.612000000000000000e+03 1.147000000000000000e+03
1.975000000000000000e+03 4.430000000000000000e+02
8.990000000000000000e+02 1.974000000000000000e+03
2.200000000000000000e+02 5.510000000000000000e+02
3.490000000000000000e+02 1.494000000000000000e+03
1.670000000000000000e+02 1.491000000000000000e+03
9.460000000000000000e+02 9.110000000000000000e+02
4.020000000000000000e+02 7.870000000000000000e+02
1.559000000000000000e+03 1.856000000000000000e+03
1.558000000000000000e+03 1.560000000000000000e+03
2.190000000000000000e+02 1.700000000000000000e+01
1.013000000000000000e+03 1.496000000000000000e+03
1.127000000000000000e+03 6.730000000000000000e+02
9.450000000000000000e+02 7.920000000000000000e+02
1.013000000000000000e+03 1.556000000000000000e+03
1.746000000000000000e+03 2.036000000000000000e+03
1.430000000000000000e+03 1.207000000000000000e+03
2.320000000000000000e+02 1.911000000000000000e+03
4.130000000000000000e+02 1.790000000000000000e+03
1.793000000000000000e+03 1.090000000000000000e+03
1.496000000000000000e+03 1.559000000000000000e+03
8.840000000000000000e+02 7.320000000000000000e+02
1.490000000000000000e+03 9.690000000000000000e+02
1.500000000000000000e+03 2.035000000000000000e+03
3.540000000000000000e+02 1.910000000000000000e+03
1.371000000000000000e+03 1.088000000000000000e+03
1.672000000000000000e+03 1.148000000000000000e+03
1.487000000000000000e+03 5.010000000000000000e+02
1.800000000000000000e+03 1.858000000000000000e+03
1.371000000000000000e+03 5.600000000000000000e+02
1.801000000000000000e+03 1.738000000000000000e+03
1.736000000000000000e+03 1.385000000000000000e+03
1.019000000000000000e+03 1.973000000000000000e+03
1.315000000000000000e+03 1.737000000000000000e+03
4.740000000000000000e+02 1.970000000000000000e+03
2.290000000000000000e+02 1.612000000000000000e+03
1.438000000000000000e+03 1.797000000000000000e+03
1.249000000000000000e+03 1.203000000000000000e+03
7.090000000000000000e+02 1.319000000000000000e+03
1.740000000000000000e+03 1.797000000000000000e+03
1.307000000000000000e+03 2.610000000000000000e+02
1.669000000000000000e+03 8.900000000000000000e+01
1.120000000000000000e+02 1.909000000000000000e+03
1.074000000000000000e+03 1.616000000000000000e+03
1.495000000000000000e+03 1.265000000000000000e+03
8.350000000000000000e+02 1.733000000000000000e+03
1.247000000000000000e+03 5.570000000000000000e+02
8.360000000000000000e+02 1.973000000000000000e+03
7.050000000000000000e+02 9.090000000000000000e+02
1.439000000000000000e+03 1.559000000000000000e+03
1.377000000000000000e+03 1.856000000000000000e+03
1.137000000000000000e+03 1.914000000000000000e+03
1.679000000000000000e+03 1.857000000000000000e+03
1.006000000000000000e+03 7.920000000000000000e+02
1.078000000000000000e+03 1.676000000000000000e+03
1.925000000000000000e+03 2.039000000000000000e+03
2.930000000000000000e+02 1.910000000000000000e+03
1.079000000000000000e+03 1.914000000000000000e+03
1.440000000000000000e+03 1.735000000000000000e+03
1.248000000000000000e+03 7.920000000000000000e+02
1.981000000000000000e+03 1.681000000000000000e+03
3.450000000000000000e+02 1.258000000000000000e+03
1.316000000000000000e+03 1.560000000000000000e+03
1.855000000000000000e+03 1.325000000000000000e+03
1.490000000000000000e+03 1.147000000000000000e+03
1.856000000000000000e+03 7.980000000000000000e+02
3.970000000000000000e+02 7.900000000000000000e+01
7.740000000000000000e+02 1.673000000000000000e+03
1.611000000000000000e+03 7.950000000000000000e+02
1.554000000000000000e+03 1.381000000000000000e+03
1.189000000000000000e+03 1.204000000000000000e+03
1.050000000000000000e+02 1.493000000000000000e+03
1.498000000000000000e+03 1.499000000000000000e+03
1.920000000000000000e+03 1.561000000000000000e+03
7.660000000000000000e+02 1.201000000000000000e+03
1.316000000000000000e+03 1.855000000000000000e+03
1.100000000000000000e+02 1.669000000000000000e+03
1.854000000000000000e+03 9.720000000000000000e+02
1.126000000000000000e+03 7.920000000000000000e+02
2.920000000000000000e+02 1.671000000000000000e+03
7.760000000000000000e+02 1.732000000000000000e+03
1.432000000000000000e+03 7.340000000000000000e+02
1.369000000000000000e+03 5.000000000000000000e+02
1.734000000000000000e+03 6.210000000000000000e+02
1.066000000000000000e+03 7.340000000000000000e+02
1.499000000000000000e+03 1.738000000000000000e+03
5.320000000000000000e+02 1.853000000000000000e+03
1.127000000000000000e+03 3.210000000000000000e+02
7.020000000000000000e+02 7.910000000000000000e+02
4.610000000000000000e+02 9.650000000000000000e+02
2.910000000000000000e+02 1.792000000000000000e+03
3.530000000000000000e+02 1.969000000000000000e+03
1.710000000000000000e+02 1.791000000000000000e+03
9.500000000000000000e+02 1.379000000000000000e+03
1.916000000000000000e+03 9.720000000000000000e+02
1.312000000000000000e+03 1.323000000000000000e+03
4.710000000000000000e+02 1.553000000000000000e+03
1.612000000000000000e+03 9.110000000000000000e+02
5.850000000000000000e+02 7.300000000000000000e+02
1.318000000000000000e+03 1.916000000000000000e+03
1.183000000000000000e+03 2.500000000000000000e+01
1.128000000000000000e+03 9.690000000000000000e+02
8.250000000000000000e+02 1.201000000000000000e+03
6.450000000000000000e+02 7.310000000000000000e+02
7.750000000000000000e+02 2.032000000000000000e+03
1.066000000000000000e+03 1.086000000000000000e+03
1.975000000000000000e+03 7.950000000000000000e+02
5.100000000000000000e+01 1.849000000000000000e+03
5.260000000000000000e+02 1.376000000000000000e+03
1.611000000000000000e+03 6.180000000000000000e+02
1.129000000000000000e+03 1.264000000000000000e+03
2.850000000000000000e+02 9.050000000000000000e+02
1.920000000000000000e+03 1.620000000000000000e+03
1.379000000000000000e+03 1.619000000000000000e+03
1.011000000000000000e+03 1.437000000000000000e+03
5.280000000000000000e+02 1.433000000000000000e+03
1.552000000000000000e+03 6.780000000000000000e+02
1.318000000000000000e+03 1.974000000000000000e+03
1.731000000000000000e+03 3.850000000000000000e+02
2.037000000000000000e+03 1.327000000000000000e+03
7.190000000000000000e+02 2.030000000000000000e+03
1.188000000000000000e+03 1.144000000000000000e+03
7.000000000000000000e+02 1.900000000000000000e+01
1.067000000000000000e+03 2.620000000000000000e+02
1.561000000000000000e+03 1.679000000000000000e+03
2.830000000000000000e+02 1.081000000000000000e+03
1.130000000000000000e+02 2.030000000000000000e+03
2.200000000000000000e+02 3.140000000000000000e+02
8.280000000000000000e+02 1.320000000000000000e+03
3.510000000000000000e+02 1.792000000000000000e+03
4.720000000000000000e+02 1.730000000000000000e+03
1.710000000000000000e+02 1.727000000000000000e+03
6.550000000000000000e+02 2.031000000000000000e+03
7.630000000000000000e+02 9.670000000000000000e+02
1.552000000000000000e+03 6.180000000000000000e+02
1.492000000000000000e+03 9.140000000000000000e+02
1.014000000000000000e+03 1.794000000000000000e+03
9.480000000000000000e+02 1.086000000000000000e+03
4.140000000000000000e+02 2.029000000000000000e+03
9.800000000000000000e+01 6.720000000000000000e+02
5.860000000000000000e+02 1.200000000000000000e+03
1.640000000000000000e+02 7.870000000000000000e+02
8.950000000000000000e+02 1.793000000000000000e+03
1.257000000000000000e+03 1.620000000000000000e+03
1.611000000000000000e+03 5.030000000000000000e+02
1.065000000000000000e+03 6.160000000000000000e+02
1.558000000000000000e+03 1.617000000000000000e+03
7.140000000000000000e+02 1.732000000000000000e+03
1.370000000000000000e+03 7.950000000000000000e+02
4.010000000000000000e+02 3.170000000000000000e+02
9.580000000000000000e+02 2.034000000000000000e+03
2.037000000000000000e+03 1.384000000000000000e+03
8.300000000000000000e+02 1.438000000000000000e+03
1.914000000000000000e+03 9.130000000000000000e+02
1.078000000000000000e+03 1.795000000000000000e+03
1.199000000000000000e+03 1.794000000000000000e+03
8.250000000000000000e+02 4.950000000000000000e+02
1.185000000000000000e+03 6.140000000000000000e+02
1.247000000000000000e+03 4.980000000000000000e+02
6.540000000000000000e+02 1.735000000000000000e+03
1.492000000000000000e+03 7.950000000000000000e+02
1.615000000000000000e+03 1.320000000000000000e+03
4.710000000000000000e+02 1.675000000000000000e+03
1.372000000000000000e+03 9.120000000000000000e+02
5.240000000000000000e+02 1.142000000000000000e+03
3.380000000000000000e+02 7.800000000000000000e+01
2.220000000000000000e+02 6.720000000000000000e+02
1.732000000000000000e+03 2.670000000000000000e+02
9.900000000000000000e+01 3.150000000000000000e+02
1.040000000000000000e+02 1.137000000000000000e+03
1.660000000000000000e+02 1.374000000000000000e+03
1.681000000000000000e+03 1.680000000000000000e+03
1.861000000000000000e+03 1.919000000000000000e+03
1.194000000000000000e+03 1.558000000000000000e+03
1.496000000000000000e+03 1.384000000000000000e+03
2.280000000000000000e+02 1.492000000000000000e+03
2.300000000000000000e+02 1.671000000000000000e+03
7.610000000000000000e+02 2.200000000000000000e+01
1.729000000000000000e+03 1.490000000000000000e+02
2.850000000000000000e+02 1.375000000000000000e+03
1.432000000000000000e+03 1.382000000000000000e+03
1.797000000000000000e+03 1.501000000000000000e+03
1.676000000000000000e+03 1.264000000000000000e+03
1.438000000000000000e+03 1.679000000000000000e+03
1.720000000000000000e+02 1.910000000000000000e+03
1.669000000000000000e+03 2.600000000000000000e+01
1.613000000000000000e+03 6.770000000000000000e+02
4.100000000000000000e+02 1.553000000000000000e+03
1.554000000000000000e+03 7.370000000000000000e+02
3.420000000000000000e+02 2.550000000000000000e+02
1.011000000000000000e+03 1.380000000000000000e+03
6.420000000000000000e+02 2.590000000000000000e+02
3.400000000000000000e+02 4.910000000000000000e+02
3.450000000000000000e+02 1.374000000000000000e+03
1.431000000000000000e+03 1.147000000000000000e+03
1.067000000000000000e+03 1.203000000000000000e+03
1.064000000000000000e+03 7.930000000000000000e+02
2.950000000000000000e+02 1.971000000000000000e+03
5.200000000000000000e+01 1.790000000000000000e+03
1.430000000000000000e+03 1.029000000000000000e+03
1.008000000000000000e+03 1.261000000000000000e+03
8.320000000000000000e+02 1.612000000000000000e+03
6.500000000000000000e+02 1.376000000000000000e+03
4.680000000000000000e+02 1.316000000000000000e+03
1.128000000000000000e+03 1.145000000000000000e+03
1.561000000000000000e+03 1.976000000000000000e+03
1.314000000000000000e+03 1.438000000000000000e+03
1.619000000000000000e+03 1.619000000000000000e+03
1.792000000000000000e+03 1.480000000000000000e+02
1.309000000000000000e+03 5.000000000000000000e+02
1.796000000000000000e+03 7.390000000000000000e+02
2.042000000000000000e+03 1.621000000000000000e+03
5.300000000000000000e+01 1.910000000000000000e+03
1.732000000000000000e+03 5.010000000000000000e+02
1.590000000000000000e+02 4.330000000000000000e+02
1.915000000000000000e+03 1.385000000000000000e+03
1.983000000000000000e+03 1.919000000000000000e+03
1.679000000000000000e+03 1.618000000000000000e+03
1.371000000000000000e+03 6.760000000000000000e+02
4.900000000000000000e+01 1.610000000000000000e+03
1.731000000000000000e+03 3.230000000000000000e+02
1.068000000000000000e+03 1.261000000000000000e+03
6.420000000000000000e+02 1.800000000000000000e+01
9.420000000000000000e+02 2.010000000000000000e+02
1.796000000000000000e+03 1.381000000000000000e+03
8.230000000000000000e+02 5.550000000000000000e+02
1.369000000000000000e+03 7.360000000000000000e+02
1.186000000000000000e+03 3.220000000000000000e+02
1.310000000000000000e+03 1.263000000000000000e+03
8.260000000000000000e+02 1.143000000000000000e+03
3.410000000000000000e+02 7.890000000000000000e+02
1.680000000000000000e+03 1.800000000000000000e+03
1.432000000000000000e+03 8.550000000000000000e+02
1.439000000000000000e+03 1.856000000000000000e+03
1.675000000000000000e+03 8.550000000000000000e+02
8.860000000000000000e+02 1.202000000000000000e+03
1.072000000000000000e+03 1.438000000000000000e+03
7.650000000000000000e+02 1.085000000000000000e+03
1.191000000000000000e+03 1.321000000000000000e+03
1.260000000000000000e+03 2.033000000000000000e+03
1.855000000000000000e+03 1.033000000000000000e+03
1.678000000000000000e+03 1.559000000000000000e+03
1.429000000000000000e+03 7.950000000000000000e+02
1.855000000000000000e+03 7.370000000000000000e+02
1.913000000000000000e+03 1.490000000000000000e+02
1.126000000000000000e+03 2.620000000000000000e+02
1.004000000000000000e+03 8.500000000000000000e+02
7.670000000000000000e+02 1.259000000000000000e+03
3.390000000000000000e+02 6.710000000000000000e+02
1.439000000000000000e+03 2.037000000000000000e+03
9.500000000000000000e+02 1.320000000000000000e+03
1.499000000000000000e+03 1.677000000000000000e+03
5.890000000000000000e+02 1.555000000000000000e+03
1.188000000000000000e+03 9.110000000000000000e+02
1.680000000000000000e+03 1.738000000000000000e+03
1.550000000000000000e+02 1.600000000000000000e+01
5.830000000000000000e+02 1.142000000000000000e+03
8.340000000000000000e+02 1.851000000000000000e+03
1.673000000000000000e+03 1.207000000000000000e+03
1.246000000000000000e+03 8.520000000000000000e+02
7.040000000000000000e+02 7.310000000000000000e+02
2.810000000000000000e+02 5.520000000000000000e+02
1.250000000000000000e+03 9.120000000000000000e+02
1.733000000000000000e+03 1.150000000000000000e+03
4.080000000000000000e+02 1.375000000000000000e+03
4.610000000000000000e+02 1.980000000000000000e+02
7.050000000000000000e+02 1.200000000000000000e+03
9.700000000000000000e+01 7.700000000000000000e+01
1.975000000000000000e+03 9.140000000000000000e+02
1.309000000000000000e+03 1.028000000000000000e+03
3.700000000000000000e+01 1.700000000000000000e+01
4.020000000000000000e+02 9.640000000000000000e+02
1.672000000000000000e+03 7.370000000000000000e+02
9.560000000000000000e+02 1.675000000000000000e+03
1.853000000000000000e+03 2.670000000000000000e+02
4.690000000000000000e+02 1.492000000000000000e+03
7.170000000000000000e+02 1.972000000000000000e+03
1.126000000000000000e+03 4.390000000000000000e+02
1.020000000000000000e+02 1.023000000000000000e+03
1.794000000000000000e+03 6.780000000000000000e+02
3.410000000000000000e+02 1.083000000000000000e+03
1.435000000000000000e+03 1.619000000000000000e+03
5.830000000000000000e+02 1.083000000000000000e+03
7.040000000000000000e+02 1.143000000000000000e+03
9.540000000000000000e+02 1.852000000000000000e+03
1.499000000000000000e+03 1.857000000000000000e+03
1.548000000000000000e+03 2.600000000000000000e+01
2.770000000000000000e+02 1.600000000000000000e+01
1.377000000000000000e+03 1.677000000000000000e+03
1.124000000000000000e+03 1.410000000000000000e+02
1.434000000000000000e+03 1.324000000000000000e+03
1.560000000000000000e+03 1.917000000000000000e+03
3.430000000000000000e+02 1.023000000000000000e+03
1.683000000000000000e+03 1.978000000000000000e+03
1.977000000000000000e+03 1.094000000000000000e+03
1.427000000000000000e+03 8.600000000000000000e+01
1.614000000000000000e+03 1.441000000000000000e+03
1.370000000000000000e+03 1.204000000000000000e+03
2.850000000000000000e+02 1.256000000000000000e+03
1.130000000000000000e+03 1.320000000000000000e+03
1.372000000000000000e+03 1.440000000000000000e+03
6.550000000000000000e+02 1.911000000000000000e+03
9.460000000000000000e+02 1.203000000000000000e+03
1.131000000000000000e+03 1.501000000000000000e+03
1.008000000000000000e+03 9.090000000000000000e+02
1.100000000000000000e+02 1.850000000000000000e+03
1.189000000000000000e+03 1.028000000000000000e+03
1.735000000000000000e+03 7.970000000000000000e+02
5.230000000000000000e+02 7.310000000000000000e+02
7.070000000000000000e+02 1.258000000000000000e+03
8.860000000000000000e+02 1.083000000000000000e+03
1.551000000000000000e+03 9.700000000000000000e+02
1.974000000000000000e+03 6.780000000000000000e+02
1.854000000000000000e+03 8.550000000000000000e+02
1.977000000000000000e+03 1.151000000000000000e+03
5.230000000000000000e+02 2.600000000000000000e+02
1.060000000000000000e+02 1.373000000000000000e+03
1.185000000000000000e+03 1.420000000000000000e+02
4.010000000000000000e+02 5.510000000000000000e+02
4.640000000000000000e+02 7.290000000000000000e+02
1.600000000000000000e+02 1.380000000000000000e+02
1.195000000000000000e+03 1.617000000000000000e+03
5.810000000000000000e+02 3.200000000000000000e+02
1.076000000000000000e+03 1.851000000000000000e+03
1.732000000000000000e+03 7.360000000000000000e+02
2.780000000000000000e+02 1.370000000000000000e+02
1.731000000000000000e+03 8.700000000000000000e+01
3.390000000000000000e+02 6.100000000000000000e+02
1.020000000000000000e+02 1.370000000000000000e+02
8.230000000000000000e+02 2.600000000000000000e+02
1.620000000000000000e+03 1.915000000000000000e+03
1.650000000000000000e+02 1.314000000000000000e+03
1.975000000000000000e+03 1.033000000000000000e+03
8.240000000000000000e+02 7.310000000000000000e+02
1.551000000000000000e+03 5.010000000000000000e+02
1.609000000000000000e+03 2.800000000000000000e+01
1.790000000000000000e+03 8.800000000000000000e+01
1.080000000000000000e+02 1.611000000000000000e+03
1.136000000000000000e+03 1.676000000000000000e+03
7.690000000000000000e+02 1.436000000000000000e+03
2.830000000000000000e+02 1.315000000000000000e+03
1.132000000000000000e+03 1.439000000000000000e+03
4.610000000000000000e+02 4.930000000000000000e+02
1.019000000000000000e+03 2.033000000000000000e+03
6.430000000000000000e+02 9.650000000000000000e+02
5.830000000000000000e+02 7.910000000000000000e+02
9.430000000000000000e+02 6.760000000000000000e+02
1.308000000000000000e+03 8.600000000000000000e+01
9.470000000000000000e+02 1.259000000000000000e+03
6.440000000000000000e+02 8.500000000000000000e+02
1.910000000000000000e+03 2.070000000000000000e+02
1.671000000000000000e+03 1.460000000000000000e+02
8.270000000000000000e+02 9.650000000000000000e+02
1.924000000000000000e+03 1.918000000000000000e+03
9.420000000000000000e+02 8.100000000000000000e+01
3.400000000000000000e+02 4.340000000000000000e+02
1.004000000000000000e+03 5.550000000000000000e+02
1.910000000000000000e+03 2.800000000000000000e+01
8.890000000000000000e+02 1.320000000000000000e+03
2.210000000000000000e+02 2.540000000000000000e+02
2.780000000000000000e+02 2.580000000000000000e+02
1.862000000000000000e+03 1.798000000000000000e+03
1.491000000000000000e+03 1.088000000000000000e+03
8.900000000000000000e+02 1.497000000000000000e+03
7.660000000000000000e+02 3.190000000000000000e+02
4.000000000000000000e+02 2.570000000000000000e+02
1.677000000000000000e+03 1.323000000000000000e+03
1.005000000000000000e+03 1.145000000000000000e+03
1.488000000000000000e+03 4.390000000000000000e+02
4.630000000000000000e+02 1.021000000000000000e+03
1.620000000000000000e+02 6.680000000000000000e+02
1.630000000000000000e+02 1.140000000000000000e+03
1.136000000000000000e+03 1.618000000000000000e+03
6.450000000000000000e+02 6.700000000000000000e+02
1.500000000000000000e+03 1.977000000000000000e+03
1.617000000000000000e+03 1.383000000000000000e+03
1.735000000000000000e+03 1.324000000000000000e+03
1.552000000000000000e+03 9.130000000000000000e+02
5.880000000000000000e+02 1.377000000000000000e+03
1.190000000000000000e+03 1.086000000000000000e+03
2.770000000000000000e+02 7.800000000000000000e+01
1.374000000000000000e+03 1.381000000000000000e+03
1.140000000000000000e+03 1.854000000000000000e+03
5.230000000000000000e+02 1.023000000000000000e+03
1.005000000000000000e+03 9.680000000000000000e+02
1.971000000000000000e+03 2.660000000000000000e+02
1.551000000000000000e+03 7.940000000000000000e+02
4.020000000000000000e+02 8.490000000000000000e+02
2.800000000000000000e+02 7.310000000000000000e+02
8.990000000000000000e+02 1.853000000000000000e+03
1.560000000000000000e+03 1.738000000000000000e+03
9.550000000000000000e+02 1.734000000000000000e+03
1.308000000000000000e+03 7.360000000000000000e+02
1.138000000000000000e+03 1.792000000000000000e+03
1.127000000000000000e+03 8.530000000000000000e+02
1.100000000000000000e+02 1.790000000000000000e+03
1.248000000000000000e+03 3.210000000000000000e+02
1.640000000000000000e+02 9.050000000000000000e+02
1.253000000000000000e+03 1.437000000000000000e+03
4.030000000000000000e+02 1.078000000000000000e+03
2.038000000000000000e+03 9.730000000000000000e+02
1.733000000000000000e+03 1.090000000000000000e+03
1.067000000000000000e+03 9.680000000000000000e+02
1.309000000000000000e+03 6.750000000000000000e+02
1.183000000000000000e+03 8.400000000000000000e+01
1.672000000000000000e+03 3.240000000000000000e+02
2.038000000000000000e+03 6.830000000000000000e+02
2.035000000000000000e+03 3.280000000000000000e+02
9.450000000000000000e+02 1.144000000000000000e+03
6.390000000000000000e+02 4.940000000000000000e+02
1.247000000000000000e+03 9.700000000000000000e+02
3.420000000000000000e+02 3.190000000000000000e+02
1.121000000000000000e+03 2.200000000000000000e+01
7.050000000000000000e+02 6.110000000000000000e+02
2.880000000000000000e+02 1.612000000000000000e+03
1.852000000000000000e+03 3.260000000000000000e+02
1.064000000000000000e+03 6.740000000000000000e+02
9.470000000000000000e+02 9.680000000000000000e+02
1.303000000000000000e+03 2.030000000000000000e+02
1.492000000000000000e+03 1.029000000000000000e+03
1.915000000000000000e+03 2.660000000000000000e+02
1.917000000000000000e+03 1.325000000000000000e+03
1.193000000000000000e+03 1.496000000000000000e+03
3.380000000000000000e+02 1.970000000000000000e+02
4.650000000000000000e+02 1.141000000000000000e+03
4.000000000000000000e+01 7.280000000000000000e+02
1.080000000000000000e+02 1.433000000000000000e+03
1.975000000000000000e+03 9.720000000000000000e+02
6.510000000000000000e+02 1.494000000000000000e+03
2.250000000000000000e+02 8.460000000000000000e+02
1.380000000000000000e+03 2.034000000000000000e+03
4.560000000000000000e+02 1.800000000000000000e+01
9.450000000000000000e+02 6.130000000000000000e+02
1.720000000000000000e+02 1.670000000000000000e+03
3.400000000000000000e+02 3.750000000000000000e+02
1.552000000000000000e+03 8.540000000000000000e+02
1.976000000000000000e+03 1.207000000000000000e+03
1.553000000000000000e+03 1.205000000000000000e+03
8.250000000000000000e+02 9.080000000000000000e+02
1.428000000000000000e+03 3.230000000000000000e+02
1.804000000000000000e+03 1.977000000000000000e+03
5.300000000000000000e+02 1.551000000000000000e+03
5.260000000000000000e+02 1.318000000000000000e+03
1.124000000000000000e+03 4.970000000000000000e+02
1.003000000000000000e+03 2.010000000000000000e+02
1.795000000000000000e+03 9.140000000000000000e+02
2.210000000000000000e+02 9.060000000000000000e+02
1.487000000000000000e+03 8.300000000000000000e+01
1.793000000000000000e+03 1.032000000000000000e+03
4.100000000000000000e+01 7.850000000000000000e+02
1.551000000000000000e+03 3.810000000000000000e+02
1.683000000000000000e+03 1.917000000000000000e+03
2.830000000000000000e+02 7.860000000000000000e+02
1.431000000000000000e+03 1.087000000000000000e+03
1.673000000000000000e+03 9.120000000000000000e+02
5.840000000000000000e+02 6.720000000000000000e+02
6.520000000000000000e+02 1.790000000000000000e+03
6.450000000000000000e+02 5.500000000000000000e+02
1.915000000000000000e+03 6.200000000000000000e+02
1.067000000000000000e+03 1.144000000000000000e+03
8.800000000000000000e+02 4.930000000000000000e+02
1.066000000000000000e+03 9.090000000000000000e+02
5.840000000000000000e+02 4.940000000000000000e+02
1.612000000000000000e+03 1.206000000000000000e+03
1.429000000000000000e+03 9.110000000000000000e+02
1.485000000000000000e+03 2.500000000000000000e+01
1.429000000000000000e+03 5.000000000000000000e+02
3.440000000000000000e+02 1.198000000000000000e+03
1.978000000000000000e+03 1.442000000000000000e+03
1.066000000000000000e+03 4.970000000000000000e+02
5.850000000000000000e+02 1.023000000000000000e+03
1.974000000000000000e+03 7.380000000000000000e+02
6.490000000000000000e+02 1.319000000000000000e+03
1.914000000000000000e+03 1.034000000000000000e+03
1.734000000000000000e+03 9.710000000000000000e+02
7.630000000000000000e+02 6.700000000000000000e+02
1.006000000000000000e+03 3.200000000000000000e+02
3.960000000000000000e+02 1.600000000000000000e+01
1.794000000000000000e+03 1.148000000000000000e+03
1.545000000000000000e+03 8.500000000000000000e+01
2.800000000000000000e+02 1.940000000000000000e+02
6.430000000000000000e+02 6.120000000000000000e+02
1.186000000000000000e+03 5.580000000000000000e+02
1.674000000000000000e+03 5.000000000000000000e+02
1.660000000000000000e+02 1.433000000000000000e+03
1.855000000000000000e+03 1.443000000000000000e+03
1.369000000000000000e+03 6.160000000000000000e+02
6.470000000000000000e+02 1.260000000000000000e+03
8.240000000000000000e+02 8.490000000000000000e+02
6.430000000000000000e+02 1.201000000000000000e+03
5.210000000000000000e+02 9.070000000000000000e+02
3.420000000000000000e+02 9.040000000000000000e+02
1.125000000000000000e+03 2.010000000000000000e+02
4.000000000000000000e+02 4.340000000000000000e+02
9.600000000000000000e+01 1.500000000000000000e+01
1.489000000000000000e+03 5.590000000000000000e+02
4.040000000000000000e+02 1.259000000000000000e+03
2.860000000000000000e+02 1.433000000000000000e+03
1.189000000000000000e+03 8.520000000000000000e+02
1.309000000000000000e+03 9.700000000000000000e+02
1.429000000000000000e+03 2.620000000000000000e+02
1.974000000000000000e+03 3.850000000000000000e+02
4.020000000000000000e+02 1.023000000000000000e+03
1.915000000000000000e+03 3.260000000000000000e+02
6.990000000000000000e+02 3.170000000000000000e+02
1.600000000000000000e+02 3.750000000000000000e+02
1.187000000000000000e+03 3.800000000000000000e+02
1.735000000000000000e+03 8.540000000000000000e+02
1.199000000000000000e+03 1.972000000000000000e+03
1.498000000000000000e+03 1.620000000000000000e+03
1.000000000000000000e+02 7.870000000000000000e+02
1.070000000000000000e+03 1.379000000000000000e+03
1.005000000000000000e+03 4.370000000000000000e+02
7.050000000000000000e+02 9.640000000000000000e+02
5.190000000000000000e+02 1.380000000000000000e+02
9.420000000000000000e+02 2.600000000000000000e+02
1.670000000000000000e+03 4.400000000000000000e+02
1.127000000000000000e+03 5.570000000000000000e+02
4.010000000000000000e+02 6.120000000000000000e+02
1.248000000000000000e+03 7.340000000000000000e+02
1.365000000000000000e+03 8.400000000000000000e+01
1.252000000000000000e+03 1.382000000000000000e+03
8.850000000000000000e+02 8.520000000000000000e+02
5.830000000000000000e+02 9.640000000000000000e+02
1.256000000000000000e+03 1.498000000000000000e+03
5.220000000000000000e+02 8.480000000000000000e+02
1.007000000000000000e+03 6.750000000000000000e+02
9.900000000000000000e+01 3.720000000000000000e+02
1.553000000000000000e+03 1.147000000000000000e+03
8.850000000000000000e+02 4.370000000000000000e+02
1.252000000000000000e+03 1.262000000000000000e+03
3.440000000000000000e+02 1.139000000000000000e+03
7.040000000000000000e+02 2.590000000000000000e+02
1.727000000000000000e+03 2.800000000000000000e+01
1.853000000000000000e+03 3.850000000000000000e+02
1.549000000000000000e+03 5.600000000000000000e+02
1.030000000000000000e+02 7.290000000000000000e+02
4.620000000000000000e+02 9.040000000000000000e+02
1.798000000000000000e+03 1.442000000000000000e+03
1.129000000000000000e+03 1.203000000000000000e+03
2.240000000000000000e+02 1.081000000000000000e+03
1.492000000000000000e+03 7.370000000000000000e+02
7.680000000000000000e+02 1.317000000000000000e+03
4.050000000000000000e+02 1.141000000000000000e+03
1.010000000000000000e+02 2.540000000000000000e+02
1.309000000000000000e+03 1.145000000000000000e+03
4.060000000000000000e+02 1.316000000000000000e+03
1.373000000000000000e+03 1.320000000000000000e+03
1.915000000000000000e+03 6.790000000000000000e+02
1.306000000000000000e+03 1.440000000000000000e+02
2.220000000000000000e+02 1.198000000000000000e+03
1.973000000000000000e+03 3.270000000000000000e+02
1.557000000000000000e+03 1.799000000000000000e+03
1.030000000000000000e+02 1.081000000000000000e+03
7.710000000000000000e+02 1.555000000000000000e+03
2.035000000000000000e+03 6.200000000000000000e+02
5.830000000000000000e+02 2.580000000000000000e+02
1.126000000000000000e+03 7.340000000000000000e+02
1.622000000000000000e+03 2.037000000000000000e+03
4.750000000000000000e+02 2.030000000000000000e+03
1.611000000000000000e+03 4.390000000000000000e+02
7.040000000000000000e+02 1.024000000000000000e+03
5.250000000000000000e+02 7.900000000000000000e+02
2.034000000000000000e+03 1.150000000000000000e+03
8.220000000000000000e+02 8.200000000000000000e+01
1.854000000000000000e+03 6.780000000000000000e+02
1.580000000000000000e+02 4.920000000000000000e+02
9.440000000000000000e+02 4.370000000000000000e+02
8.200000000000000000e+02 2.200000000000000000e+01
1.005000000000000000e+03 1.087000000000000000e+03
4.610000000000000000e+02 5.530000000000000000e+02
8.820000000000000000e+02 6.150000000000000000e+02
1.309000000000000000e+03 3.800000000000000000e+02
4.020000000000000000e+02 6.700000000000000000e+02
1.256000000000000000e+03 1.795000000000000000e+03
1.733000000000000000e+03 6.770000000000000000e+02
2.220000000000000000e+02 1.023000000000000000e+03
3.470000000000000000e+02 1.317000000000000000e+03
3.370000000000000000e+02 1.800000000000000000e+01
4.700000000000000000e+01 1.491000000000000000e+03
1.369000000000000000e+03 1.145000000000000000e+03
4.620000000000000000e+02 1.199000000000000000e+03
1.252000000000000000e+03 1.559000000000000000e+03
1.309000000000000000e+03 1.203000000000000000e+03
7.050000000000000000e+02 1.082000000000000000e+03
1.794000000000000000e+03 1.207000000000000000e+03
1.915000000000000000e+03 5.040000000000000000e+02
4.020000000000000000e+02 1.390000000000000000e+02
2.180000000000000000e+02 7.600000000000000000e+01
2.034000000000000000e+03 4.410000000000000000e+02
1.245000000000000000e+03 1.460000000000000000e+02
1.371000000000000000e+03 1.266000000000000000e+03
4.620000000000000000e+02 4.360000000000000000e+02
1.796000000000000000e+03 1.325000000000000000e+03
2.036000000000000000e+03 7.980000000000000000e+02
5.870000000000000000e+02 1.260000000000000000e+03
4.650000000000000000e+02 1.258000000000000000e+03
2.190000000000000000e+02 1.970000000000000000e+02
6.450000000000000000e+02 9.060000000000000000e+02
1.551000000000000000e+03 1.030000000000000000e+03
8.930000000000000000e+02 1.379000000000000000e+03
1.620000000000000000e+02 1.021000000000000000e+03
6.440000000000000000e+02 1.142000000000000000e+03
7.030000000000000000e+02 8.500000000000000000e+02
8.820000000000000000e+02 2.000000000000000000e+02
1.186000000000000000e+03 9.680000000000000000e+02
1.121000000000000000e+03 8.200000000000000000e+01
1.246000000000000000e+03 2.600000000000000000e+02
1.731000000000000000e+03 5.590000000000000000e+02
3.900000000000000000e+01 7.600000000000000000e+01
1.557000000000000000e+03 1.440000000000000000e+03
1.672000000000000000e+03 6.190000000000000000e+02
1.249000000000000000e+03 6.760000000000000000e+02
7.590000000000000000e+02 3.770000000000000000e+02
8.230000000000000000e+02 3.170000000000000000e+02
1.430000000000000000e+03 4.400000000000000000e+02
1.797000000000000000e+03 8.550000000000000000e+02
7.010000000000000000e+02 5.530000000000000000e+02
1.600000000000000000e+02 7.400000000000000000e+01
8.270000000000000000e+02 1.378000000000000000e+03
2.210000000000000000e+02 7.890000000000000000e+02
5.200000000000000000e+01 1.669000000000000000e+03
1.732000000000000000e+03 4.400000000000000000e+02
1.430000000000000000e+03 5.610000000000000000e+02
1.610000000000000000e+02 1.198000000000000000e+03
3.410000000000000000e+02 7.280000000000000000e+02
8.860000000000000000e+02 9.070000000000000000e+02
1.791000000000000000e+03 2.650000000000000000e+02
1.914000000000000000e+03 1.149000000000000000e+03
8.240000000000000000e+02 3.770000000000000000e+02
1.431000000000000000e+03 6.170000000000000000e+02
8.210000000000000000e+02 7.930000000000000000e+02
1.067000000000000000e+03 1.029000000000000000e+03
7.020000000000000000e+02 6.720000000000000000e+02
5.240000000000000000e+02 6.700000000000000000e+02
1.975000000000000000e+03 8.560000000000000000e+02
1.493000000000000000e+03 1.324000000000000000e+03
6.400000000000000000e+02 8.100000000000000000e+01
1.613000000000000000e+03 9.720000000000000000e+02
2.790000000000000000e+02 8.460000000000000000e+02
2.210000000000000000e+02 1.140000000000000000e+03
1.369000000000000000e+03 1.028000000000000000e+03
1.064000000000000000e+03 5.560000000000000000e+02
1.130000000000000000e+03 1.085000000000000000e+03
1.030000000000000000e+02 1.198000000000000000e+03
1.247000000000000000e+03 2.020000000000000000e+02
1.854000000000000000e+03 1.208000000000000000e+03
3.420000000000000000e+02 8.450000000000000000e+02
7.670000000000000000e+02 9.090000000000000000e+02
2.039000000000000000e+03 8.580000000000000000e+02
7.630000000000000000e+02 6.120000000000000000e+02
1.609000000000000000e+03 2.640000000000000000e+02
2.200000000000000000e+02 6.100000000000000000e+02
7.640000000000000000e+02 1.025000000000000000e+03
1.580000000000000000e+02 7.300000000000000000e+02
2.190000000000000000e+02 1.360000000000000000e+02
1.005000000000000000e+03 3.790000000000000000e+02
1.852000000000000000e+03 5.610000000000000000e+02
1.549000000000000000e+03 1.088000000000000000e+03
1.257000000000000000e+03 1.975000000000000000e+03
1.555000000000000000e+03 1.324000000000000000e+03
8.220000000000000000e+02 1.410000000000000000e+02
1.186000000000000000e+03 6.750000000000000000e+02
7.020000000000000000e+02 1.420000000000000000e+02
1.793000000000000000e+03 5.010000000000000000e+02
1.600000000000000000e+02 2.540000000000000000e+02
1.619000000000000000e+03 1.677000000000000000e+03
9.440000000000000000e+02 7.320000000000000000e+02
1.590000000000000000e+02 3.130000000000000000e+02
6.450000000000000000e+02 1.082000000000000000e+03
6.400000000000000000e+02 3.780000000000000000e+02
1.367000000000000000e+03 4.410000000000000000e+02
1.791000000000000000e+03 3.830000000000000000e+02
8.220000000000000000e+02 4.360000000000000000e+02
2.780000000000000000e+02 6.680000000000000000e+02
1.494000000000000000e+03 8.540000000000000000e+02
4.020000000000000000e+02 9.050000000000000000e+02
6.990000000000000000e+02 8.100000000000000000e+01
8.840000000000000000e+02 2.590000000000000000e+02
1.430000000000000000e+03 9.690000000000000000e+02
3.410000000000000000e+02 5.530000000000000000e+02
1.184000000000000000e+03 4.400000000000000000e+02
1.439000000000000000e+03 1.915000000000000000e+03
8.830000000000000000e+02 6.730000000000000000e+02
1.611000000000000000e+03 1.087000000000000000e+03
1.005000000000000000e+03 7.330000000000000000e+02
1.427000000000000000e+03 2.600000000000000000e+01
1.244000000000000000e+03 3.810000000000000000e+02
1.853000000000000000e+03 6.190000000000000000e+02
1.125000000000000000e+03 3.800000000000000000e+02
1.002000000000000000e+03 8.300000000000000000e+01
1.246000000000000000e+03 2.600000000000000000e+01
1.128000000000000000e+03 9.100000000000000000e+02
1.062000000000000000e+03 2.200000000000000000e+01
1.670000000000000000e+03 2.070000000000000000e+02
1.246000000000000000e+03 4.390000000000000000e+02
3.990000000000000000e+02 3.780000000000000000e+02
1.308000000000000000e+03 7.940000000000000000e+02
1.850000000000000000e+03 1.470000000000000000e+02
7.620000000000000000e+02 7.900000000000000000e+02
5.270000000000000000e+02 1.259000000000000000e+03
1.614000000000000000e+03 1.266000000000000000e+03
1.063000000000000000e+03 2.030000000000000000e+02
1.731000000000000000e+03 2.050000000000000000e+02
1.671000000000000000e+03 1.088000000000000000e+03
4.700000000000000000e+01 1.430000000000000000e+03
1.185000000000000000e+03 2.610000000000000000e+02
1.000000000000000000e+03 2.100000000000000000e+01
1.787000000000000000e+03 2.800000000000000000e+01
1.609000000000000000e+03 8.600000000000000000e+01
1.552000000000000000e+03 4.430000000000000000e+02
5.210000000000000000e+02 4.330000000000000000e+02
1.005000000000000000e+03 6.150000000000000000e+02
1.915000000000000000e+03 8.550000000000000000e+02
1.856000000000000000e+03 1.385000000000000000e+03
1.365000000000000000e+03 3.810000000000000000e+02
5.830000000000000000e+02 6.100000000000000000e+02
1.854000000000000000e+03 5.040000000000000000e+02
1.188000000000000000e+03 1.262000000000000000e+03
4.010000000000000000e+02 7.280000000000000000e+02
1.488000000000000000e+03 2.640000000000000000e+02
1.640000000000000000e+02 1.258000000000000000e+03
1.367000000000000000e+03 1.460000000000000000e+02
7.790000000000000000e+02 1.972000000000000000e+03
4.400000000000000000e+01 1.196000000000000000e+03
4.610000000000000000e+02 2.550000000000000000e+02
1.370000000000000000e+03 8.540000000000000000e+02
1.489000000000000000e+03 3.820000000000000000e+02
9.420000000000000000e+02 1.420000000000000000e+02
1.794000000000000000e+03 2.080000000000000000e+02
1.245000000000000000e+03 8.600000000000000000e+01
8.830000000000000000e+02 3.200000000000000000e+02
1.671000000000000000e+03 9.710000000000000000e+02
8.210000000000000000e+02 1.990000000000000000e+02
3.400000000000000000e+02 1.360000000000000000e+02
1.600000000000000000e+02 8.460000000000000000e+02
1.305000000000000000e+03 3.220000000000000000e+02
1.672000000000000000e+03 5.620000000000000000e+02
1.248000000000000000e+03 1.147000000000000000e+03
1.914000000000000000e+03 4.440000000000000000e+02
3.800000000000000000e+01 6.110000000000000000e+02
6.440000000000000000e+02 7.900000000000000000e+02
1.488000000000000000e+03 1.450000000000000000e+02
2.240000000000000000e+02 9.630000000000000000e+02
1.851000000000000000e+03 2.080000000000000000e+02
1.020000000000000000e+02 1.258000000000000000e+03
2.230000000000000000e+02 1.256000000000000000e+03
2.790000000000000000e+02 6.120000000000000000e+02
1.064000000000000000e+03 8.510000000000000000e+02
1.974000000000000000e+03 6.210000000000000000e+02
6.990000000000000000e+02 1.980000000000000000e+02
7.620000000000000000e+02 7.320000000000000000e+02
2.810000000000000000e+02 4.330000000000000000e+02
1.368000000000000000e+03 3.210000000000000000e+02
7.620000000000000000e+02 8.500000000000000000e+02
8.810000000000000000e+02 2.200000000000000000e+01
2.200000000000000000e+02 7.260000000000000000e+02
1.061000000000000000e+03 8.400000000000000000e+01
4.200000000000000000e+01 8.460000000000000000e+02
7.680000000000000000e+02 1.379000000000000000e+03
1.493000000000000000e+03 6.190000000000000000e+02
1.020000000000000000e+02 9.610000000000000000e+02
1.305000000000000000e+03 2.500000000000000000e+01
4.630000000000000000e+02 8.470000000000000000e+02
1.307000000000000000e+03 5.570000000000000000e+02
5.790000000000000000e+02 3.760000000000000000e+02
4.000000000000000000e+01 3.740000000000000000e+02
9.460000000000000000e+02 3.800000000000000000e+02
7.040000000000000000e+02 4.920000000000000000e+02
2.780000000000000000e+02 3.750000000000000000e+02
1.620000000000000000e+02 1.079000000000000000e+03
1.914000000000000000e+03 1.209000000000000000e+03
1.917000000000000000e+03 7.380000000000000000e+02
9.390000000000000000e+02 2.200000000000000000e+01
1.975000000000000000e+03 1.268000000000000000e+03
4.580000000000000000e+02 3.160000000000000000e+02
1.006000000000000000e+03 1.201000000000000000e+03
1.674000000000000000e+03 1.033000000000000000e+03
1.547000000000000000e+03 3.230000000000000000e+02
2.200000000000000000e+02 3.740000000000000000e+02
1.913000000000000000e+03 1.266000000000000000e+03
6.430000000000000000e+02 1.980000000000000000e+02
2.820000000000000000e+02 1.141000000000000000e+03
5.800000000000000000e+02 1.400000000000000000e+02
5.780000000000000000e+02 1.900000000000000000e+01
1.250000000000000000e+03 1.087000000000000000e+03
4.100000000000000000e+01 2.540000000000000000e+02
2.820000000000000000e+02 1.022000000000000000e+03
2.820000000000000000e+02 1.196000000000000000e+03
4.300000000000000000e+01 1.081000000000000000e+03
9.450000000000000000e+02 3.200000000000000000e+02
1.611000000000000000e+03 7.370000000000000000e+02
5.240000000000000000e+02 9.640000000000000000e+02
6.420000000000000000e+02 3.180000000000000000e+02
1.908000000000000000e+03 8.900000000000000000e+01
1.030000000000000000e+02 9.060000000000000000e+02
1.127000000000000000e+03 1.028000000000000000e+03
1.611000000000000000e+03 1.031000000000000000e+03
4.620000000000000000e+02 7.890000000000000000e+02
4.100000000000000000e+01 3.140000000000000000e+02
1.600000000000000000e+02 9.620000000000000000e+02
1.977000000000000000e+03 1.326000000000000000e+03
4.500000000000000000e+01 1.256000000000000000e+03
9.430000000000000000e+02 5.540000000000000000e+02
1.912000000000000000e+03 3.840000000000000000e+02
1.490000000000000000e+03 3.240000000000000000e+02
1.187000000000000000e+03 7.920000000000000000e+02
4.610000000000000000e+02 1.380000000000000000e+02
8.810000000000000000e+02 8.400000000000000000e+01
8.250000000000000000e+02 6.120000000000000000e+02
4.610000000000000000e+02 6.710000000000000000e+02
4.630000000000000000e+02 6.100000000000000000e+02
4.580000000000000000e+02 7.800000000000000000e+01
4.000000000000000000e+01 4.920000000000000000e+02
5.220000000000000000e+02 6.120000000000000000e+02
1.971000000000000000e+03 9.100000000000000000e+01
1.550000000000000000e+03 1.460000000000000000e+02
7.630000000000000000e+02 2.010000000000000000e+02
4.300000000000000000e+01 5.490000000000000000e+02
4.010000000000000000e+02 1.960000000000000000e+02
5.220000000000000000e+02 1.970000000000000000e+02
2.810000000000000000e+02 4.940000000000000000e+02
7.630000000000000000e+02 4.350000000000000000e+02
1.426000000000000000e+03 2.050000000000000000e+02
4.100000000000000000e+01 4.310000000000000000e+02
1.553000000000000000e+03 1.500000000000000000e+03
8.920000000000000000e+02 1.437000000000000000e+03
1.428000000000000000e+03 3.810000000000000000e+02
8.810000000000000000e+02 3.770000000000000000e+02
1.851000000000000000e+03 8.800000000000000000e+01
1.610000000000000000e+02 5.500000000000000000e+02
2.180000000000000000e+02 4.330000000000000000e+02
1.426000000000000000e+03 1.430000000000000000e+02
2.035000000000000000e+03 5.010000000000000000e+02
1.607000000000000000e+03 1.450000000000000000e+02
1.735000000000000000e+03 9.120000000000000000e+02
2.033000000000000000e+03 3.860000000000000000e+02
2.240000000000000000e+02 1.375000000000000000e+03
4.100000000000000000e+01 1.940000000000000000e+02
9.800000000000000000e+01 4.320000000000000000e+02
1.010000000000000000e+02 4.910000000000000000e+02
1.068000000000000000e+03 3.200000000000000000e+02
4.200000000000000000e+01 1.140000000000000000e+03
4.200000000000000000e+01 1.021000000000000000e+03
1.790000000000000000e+03 3.240000000000000000e+02
2.033000000000000000e+03 3.000000000000000000e+01
2.034000000000000000e+03 1.269000000000000000e+03
1.487000000000000000e+03 2.050000000000000000e+02
2.035000000000000000e+03 5.640000000000000000e+02
1.050000000000000000e+02 1.317000000000000000e+03
1.259000000000000000e+03 1.735000000000000000e+03
1.429000000000000000e+03 6.760000000000000000e+02
1.600000000000000000e+02 1.950000000000000000e+02
7.610000000000000000e+02 2.570000000000000000e+02
1.006000000000000000e+03 2.610000000000000000e+02
1.000000000000000000e+02 5.520000000000000000e+02
1.010000000000000000e+02 8.450000000000000000e+02
1.608000000000000000e+03 2.060000000000000000e+02
5.250000000000000000e+02 5.530000000000000000e+02
7.630000000000000000e+02 5.520000000000000000e+02
1.006000000000000000e+03 1.026000000000000000e+03
1.853000000000000000e+03 1.146000000000000000e+03
2.260000000000000000e+02 1.433000000000000000e+03
5.170000000000000000e+02 7.900000000000000000e+01
4.590000000000000000e+02 3.760000000000000000e+02
9.440000000000000000e+02 4.940000000000000000e+02
3.440000000000000000e+02 9.630000000000000000e+02
5.790000000000000000e+02 1.990000000000000000e+02
2.030000000000000000e+03 2.090000000000000000e+02
1.793000000000000000e+03 6.180000000000000000e+02
1.974000000000000000e+03 5.630000000000000000e+02
1.547000000000000000e+03 2.050000000000000000e+02
1.366000000000000000e+03 2.040000000000000000e+02
2.034000000000000000e+03 7.380000000000000000e+02
2.035000000000000000e+03 1.207000000000000000e+03
1.975000000000000000e+03 5.020000000000000000e+02
6.430000000000000000e+02 4.350000000000000000e+02
1.365000000000000000e+03 2.400000000000000000e+01
8.820000000000000000e+02 1.420000000000000000e+02
5.240000000000000000e+02 1.201000000000000000e+03
1.608000000000000000e+03 3.220000000000000000e+02
5.190000000000000000e+02 1.800000000000000000e+01
7.620000000000000000e+02 1.410000000000000000e+02
2.032000000000000000e+03 2.670000000000000000e+02
1.004000000000000000e+03 1.430000000000000000e+02
5.830000000000000000e+02 9.060000000000000000e+02
7.040000000000000000e+02 3.760000000000000000e+02
1.064000000000000000e+03 1.420000000000000000e+02
4.030000000000000000e+02 1.198000000000000000e+03
1.020000000000000000e+02 6.080000000000000000e+02
5.800000000000000000e+02 7.900000000000000000e+01
4.400000000000000000e+01 1.315000000000000000e+03
3.900000000000000000e+01 9.020000000000000000e+02
5.230000000000000000e+02 4.960000000000000000e+02
1.854000000000000000e+03 4.440000000000000000e+02
2.810000000000000000e+02 9.620000000000000000e+02
3.970000000000000000e+02 4.940000000000000000e+02
6.410000000000000000e+02 1.390000000000000000e+02
1.969000000000000000e+03 1.480000000000000000e+02
4.300000000000000000e+01 1.377000000000000000e+03
1.310000000000000000e+03 4.410000000000000000e+02
3.800000000000000000e+01 1.360000000000000000e+02
9.700000000000000000e+01 1.950000000000000000e+02
7.020000000000000000e+02 4.370000000000000000e+02
1.183000000000000000e+03 2.020000000000000000e+02
5.200000000000000000e+02 3.170000000000000000e+02
7.640000000000000000e+02 4.970000000000000000e+02
8.210000000000000000e+02 6.740000000000000000e+02
2.030000000000000000e+03 9.100000000000000000e+01
1.970000000000000000e+03 3.000000000000000000e+01
5.190000000000000000e+02 3.780000000000000000e+02
5.780000000000000000e+02 4.360000000000000000e+02
1.004000000000000000e+03 4.970000000000000000e+02
1.551000000000000000e+03 2.650000000000000000e+02
1.793000000000000000e+03 4.440000000000000000e+02
1.971000000000000000e+03 2.070000000000000000e+02
1.847000000000000000e+03 2.700000000000000000e+01
1.914000000000000000e+03 5.630000000000000000e+02
4.100000000000000000e+01 9.610000000000000000e+02
