1.197355333334015995e+03 1.675446177666327230e+03
1.855916132606978408e+03 9.131465740594292129e+02
1.979553580622655545e+03 1.502760732340320601e+03
1.866729497068169167e+03 1.738684843915272040e+03
1.731147432540567252e+03 1.031810294913114376e+03
2.042062702314493436e+03 1.443147251992024849e+03
5.975242344590875518e+02 2.031450976654358328e+03
8.358602647513781676e+02 1.793208215329247878e+03
1.743402192839227382e+03 1.858168266382293268e+03
1.676762479416961924e+03 1.441354792041710425e+03
1.080973491492219864e+03 2.036122682034055060e+03
1.375456767580501946e+03 1.556102435825481052e+03
3.462321894058357543e+02 1.433277526479858807e+03
1.856644871965764196e+03 1.090233375149974108e+03
1.140110811096839598e+03 2.033874465859394604e+03
2.040024625100375943e+03 1.091954107646994999e+03
7.766255410004080204e+02 1.791830442842228422e+03
2.877912956937551598e+02 1.491415815322070330e+03
1.859748934652537173e+03 1.499611199359950660e+03
2.917509980691278315e+02 1.849286468309319389e+03
1.320203492669050092e+03 2.036495602356635800e+03
1.258218634706808871e+03 1.911927850547299158e+03
5.919451918501977161e+02 1.731162328256953060e+03
1.074093050757064020e+03 1.556974469228994849e+03
2.879360082150025164e+02 1.552875092777718692e+03
1.311334372205723184e+03 8.526645402904314324e+02
7.719336492164491119e+02 1.492869188279333457e+03
1.498161541060289210e+03 1.797010042709094932e+03
1.196046307166521729e+03 1.854945312453850875e+03
8.247476015148554325e+02 1.026450252714354519e+03
1.982837903106370504e+03 1.740901352792246144e+03
1.502990190584183892e+03 1.911650167257835392e+03
8.317797365236182259e+02 1.494095774075158943e+03
8.965616618458006997e+02 1.732589006573732604e+03
5.468480340712906695e+01 2.028818997193645828e+03
2.299194553212715277e+02 1.552505600043281220e+03
4.146264529947292772e+02 1.672522341657624565e+03
2.934768364419945215e+02 1.729527970680150247e+03
2.040851668902843812e+03 1.502371923037188026e+03
1.793439186274920530e+03 1.267013403107504701e+03
7.754069057733778436e+02 1.852156595626823446e+03
1.138988072743024304e+03 1.734453737700797546e+03
5.517556859301181760e+01 1.969697998539378432e+03
2.263202951732250767e+02 1.314785782433014447e+03
1.140407164770775125e+03 1.974136258129233738e+03
4.086883647562195847e+02 1.493768587024377211e+03
1.442308433735116523e+03 1.973243877624153811e+03
3.517661955099577540e+02 1.850282001381797272e+03
9.464260909472973253e+02 1.026535789435331935e+03
1.918893248626552577e+03 1.499755313104060406e+03
8.293065646478631834e+02 1.260236400576036431e+03
1.076812622817838019e+03 1.973952847186182453e+03
5.346146019422086511e+02 1.730791515241046000e+03
5.342632898426925294e+02 1.790172037326682585e+03
1.795588994223892314e+03 7.973328977185104804e+02
3.520917352471349204e+02 1.672100737211703517e+03
7.146421279412211334e+02 1.675461636946554336e+03
1.744415677596597050e+02 1.969826748331441422e+03
2.038349693432804088e+03 9.144202804548599488e+02
1.860823168821996660e+03 1.559235345365069634e+03
5.292732053344593623e+02 1.492163047858790378e+03
8.863154144051907224e+02 7.893841126748462784e+02
4.745871270226487013e+02 1.912300936870600708e+03
2.317841566438614791e+02 1.789148952344590953e+03
1.625354557190083369e+03 1.976492570791798698e+03
1.259266822844946546e+03 1.673436605158379962e+03
1.692804383747398447e+02 1.552798691106117076e+03
1.615139959819810883e+03 5.613471863991032933e+02
1.720337776100058989e+02 1.848673317610855520e+03
1.623248455189710057e+03 1.738879584487048305e+03
1.619095610545145064e+03 1.797162109718870852e+03
1.738818631652563226e+03 1.502164707053778784e+03
1.743230298951129498e+03 1.977923371068119877e+03
4.147105769124139556e+02 1.971809161712270225e+03
5.254892877055002600e+02 1.080496812284439557e+03
9.553127798395964874e+02 1.614890908348306766e+03
4.726025459455072451e+02 1.613993402420030634e+03
5.349862344907764964e+02 2.030957324481045134e+03
1.126877119136201827e+03 6.162137245445089775e+02
7.126543309059054536e+02 1.553066213214640584e+03
1.919774059589890840e+03 1.442242022028746760e+03
1.259263018753053757e+03 1.855328782505246863e+03
1.924280515045698394e+03 1.979246605784976509e+03
1.926221942196643795e+03 1.679166561619872937e+03
1.015915439089509164e+03 1.616183050912924273e+03
1.920986358860383461e+03 1.859322974114779527e+03
1.188296876608955472e+03 7.319214937255145514e+02
1.199779557696491793e+03 1.914785493071877227e+03
8.948046526655053867e+02 1.674414525570924297e+03
1.381574782613802199e+03 1.975335333203629943e+03
5.895508598285655353e+02 1.434613337633210676e+03
1.923105077361989743e+03 1.799147511838499440e+03
1.801166824489779856e+03 1.618923232309271498e+03
1.492391684434493982e+03 1.203481758061269602e+03
1.433562628402587052e+03 1.262690367711184763e+03
1.198875812084286736e+03 2.036332775749236362e+03
5.901526627690317355e+02 1.491565617938057130e+03
8.378544838582306511e+02 2.034193148977800320e+03
4.958126639208516906e+01 1.551270596290743697e+03
5.960756443825098359e+02 1.972171164073254658e+03
7.149739812235701493e+02 1.792716052852179018e+03
7.105588017066045268e+02 1.613475109334597391e+03
1.740965626369582424e+03 1.917029228779297455e+03
7.751221875011998463e+02 1.910003280157598738e+03
1.617605124030896377e+03 1.557565730128873611e+03
1.019695268002453076e+03 1.910179634494507582e+03
5.957712008222240456e+02 1.910434992225530095e+03
7.103595807540503984e+02 1.376804524859893490e+03
9.592367013069626864e+02 1.969635415092454878e+03
5.951308623068099450e+02 1.672616962012612248e+03
2.332671861462623610e+02 1.729147465757549753e+03
8.345440115113040065e+02 1.554474468252597489e+03
1.861939801688103216e+03 1.860841883185967163e+03
4.732793859251233357e+02 1.849358533873277338e+03
1.134681977025429205e+03 1.557803135346598538e+03
5.908941158346920020e+02 1.612615508512470115e+03
2.823290010411444086e+02 3.170751794550705540e+02
8.999074342836782989e+02 2.030147854246307134e+03
5.877590297105336958e+02 8.528442941106707167e+02
8.390473664917172982e+02 1.910706943434086043e+03
1.370569568514335970e+03 9.689643393650570715e+02
4.130543421058484341e+02 1.909755750200227567e+03
1.564444162177820772e+03 2.038037264081999638e+03
1.803403817298016975e+03 1.920226353649450857e+03
6.545891394993009271e+02 1.853183129167098286e+03
1.805839564567423167e+03 2.039397592193388846e+03
1.683008348867278528e+03 2.038492850265373363e+03
3.527024541282877408e+02 1.611379155290931749e+03
1.621684031936349584e+03 1.857226629104435688e+03
1.380236485783664193e+03 1.915434454234732357e+03
1.801571459955447153e+03 1.559455916574253706e+03
1.075067308386014702e+03 1.734630014690848157e+03
1.740671599568553916e+02 2.028413746818168647e+03
1.735044898041336182e+03 1.266409212197301031e+03
4.120061632658747612e+02 1.732073625919015058e+03
2.932508179030786550e+02 2.029476965410558478e+03
6.530225819535014580e+02 1.673378164864814153e+03
7.163466873146390981e+02 1.911208491795581494e+03
1.741638932505037246e+03 1.618740432131601665e+03
3.496559701341826667e+02 1.552396800259230076e+03
1.620347123538115284e+03 1.499970174652592050e+03
1.740925309826534885e+03 1.678040932094551863e+03
1.921253665202907314e+03 1.738884923822465225e+03
1.493842998370325631e+03 1.438723916850928163e+03
1.859745547236775565e+03 1.622010876862935220e+03
1.979402658200259793e+03 1.385057634020844489e+03
1.312654142756094416e+03 1.380369636813131820e+03
1.608575565618852806e+03 3.803826426471496802e+02
9.464631156435740422e+02 8.508706597335713013e+02
8.873681205069569842e+02 1.143306259688824639e+03
1.375712808453188245e+03 1.500439923929298402e+03
4.748005208318991777e+02 1.790434301780184796e+03
8.964934589644383323e+02 1.912123360161927394e+03
8.359557427471285109e+02 1.674447488389557520e+03
1.494989636030049951e+03 6.776633227646584601e+02
1.804371982995543704e+03 1.798276084383541047e+03
5.329035770932758851e+02 1.671806732781218443e+03
5.927795215534755471e+02 1.850379696795367863e+03
5.934799917575519430e+02 1.792709916353916014e+03
1.016036176172957084e+03 1.674341429340938248e+03
1.317918947029534820e+03 1.615537527484106477e+03
2.352467927073911937e+02 2.030123111280147441e+03
8.885051117102495937e+02 1.261066427108208927e+03
1.552293398879023925e+03 1.265684740602283910e+03
1.019208569682974939e+03 1.853953416186527420e+03
1.676540533767855550e+03 1.498331257192400471e+03
1.311089947799484662e+03 1.085869491416509845e+03
1.252215280778487795e+03 1.321502137794378086e+03
8.835278586864491217e+02 9.691730431239823247e+02
1.011378351607647801e+03 1.319953671444914107e+03
1.380227582753557499e+03 1.793434014378083248e+03
1.675067033159409675e+03 1.381828881677179879e+03
5.352668813124805638e+02 1.971799453796098533e+03
1.733291001753973433e+03 1.204678021326124281e+03
1.435047059706368145e+03 1.443004150573655579e+03
1.983346173559515137e+03 1.797993496227210926e+03
1.866759021788851214e+03 1.977479642525315967e+03
1.984642089661670752e+03 1.979237782789446101e+03
7.105580860384999369e+02 1.435091174445361958e+03
5.344675085603752223e+02 1.910272544858224592e+03
1.307691331607351003e+03 6.135472221887329169e+02
1.861115370314305437e+03 1.679481074180939913e+03
3.535787166454456951e+02 1.731570205557045256e+03
6.458007002163731158e+02 1.024623040645307810e+03
6.505411056866219042e+02 1.434759688560371387e+03
1.380407315879923544e+03 1.736605950538748175e+03
1.608246420088661921e+02 6.115391940768780614e+02
4.092483941269762227e+02 1.434360731194811251e+03
4.103540210520217784e+02 1.613430071059713555e+03
6.576649389669366883e+02 1.971630753859613378e+03
1.983806147341146698e+03 1.622507409236490503e+03
1.366734860177938572e+03 2.623786427963592587e+02
4.360585462034918436e+01 6.677181957506338676e+02
4.667247379745670059e+02 1.375367281575904144e+03
1.682256545499815275e+02 1.610387033359337238e+03
1.319278699174902613e+03 1.677609966770953406e+03
1.196624021601785898e+03 1.732829017921911372e+03
1.187367928950739270e+03 4.959098156315348547e+02
8.956674123241813277e+02 1.614354251405742161e+03
4.126569898002139212e+02 1.850584627354549411e+03
1.070081131956655156e+02 1.550580395508971378e+03
1.065409609954005646e+03 4.370904247524502466e+02
7.659243382589617113e+02 1.140986456715821078e+03
1.064489495335093352e+03 3.773216253586992934e+02
1.312863079907117026e+03 1.497658014759815387e+03
9.587264189747742194e+02 1.791473860024397482e+03
1.126192565047839622e+02 1.729765803907296458e+03
5.327944869995751560e+02 1.614264727113705476e+03
1.914556223669439760e+03 7.962943492356987463e+02
5.905556010121778172e+02 1.314985122398540625e+03
2.036386412172585551e+03 1.033040256688773070e+03
7.759856812075096286e+02 1.615572595226878320e+03
7.172627202229734849e+02 1.850764499868551411e+03
1.865852896931078703e+03 2.038538170555179931e+03
1.856622064843796352e+03 1.266272964363308802e+03
2.315325684401493618e+02 1.851542919574718326e+03
1.793532446774840309e+03 5.612606859887370092e+02
5.094596363606147094e+01 1.729346439529340159e+03
1.193810208240723341e+03 1.379124794517470036e+03
1.675252442938521654e+03 7.951853480883509064e+02
7.093829700711696660e+02 1.492910183033726298e+03
1.070425094113793875e+03 1.321020984201066312e+03
1.319212971145686424e+03 1.795778766919702775e+03
4.639548052917841687e+02 1.082171312591964806e+03
9.609477222221830743e+02 1.911816648975844600e+03
1.741261163544989813e+03 1.739202831421950123e+03
1.312414266543130225e+03 9.128409472061308634e+02
1.073512479487890232e+03 1.497518491901163770e+03
6.498224831182207026e+02 1.552773746853030161e+03
1.249063060051478942e+03 1.027605914040538210e+03
6.541713556974654011e+02 1.614882428132810219e+03
1.917478238343209341e+03 1.092386721019571723e+03
1.986335675170150353e+03 2.038461589243108392e+03
2.323810452308530614e+02 1.971031806811319029e+03
4.668367296705669673e+02 1.434146482878713186e+03
8.832395891027447306e+02 1.028235999665733289e+03
5.822001515265639000e+02 5.526326313718271876e+02
1.801592942864535416e+03 1.681510971452968761e+03
1.984637420340546896e+03 1.857836848640030439e+03
8.848473655498981998e+02 5.536540042209043122e+02
1.019458786319261662e+03 1.732615951407650300e+03
9.533321950755340595e+02 1.437073929591417482e+03
1.671401997803590348e+03 2.644293134327476196e+02
1.738619836354920380e+03 1.560081941510103434e+03
1.980633213726566282e+03 1.560670577682175463e+03
3.549268586541159038e+02 2.030709997597564325e+03
7.588213771000904444e+02 7.948318249418889536e+01
9.519692423809781303e+02 1.494719013233893065e+03
9.560492384427075194e+02 1.555731801422962235e+03
8.929575939968267448e+02 1.553807125457408802e+03
1.246150641724243087e+03 6.164265092884107844e+02
1.670258839574400326e+03 3.812784901516305922e+02
1.736490885858707088e+03 1.438419019431939887e+03
1.435936337078802126e+03 1.494181955700800017e+03
2.248377424450663682e+02 4.922521145893121570e+02
1.191543528093170607e+03 1.439479642669112991e+03
1.132921473295805527e+03 1.379567024564717030e+03
1.157315617033768547e+02 1.968882367867535777e+03
1.674067866919460812e+03 6.762515773973865407e+02
1.613427143623194297e+03 8.533644455112945479e+02
1.796765281779416227e+03 9.735106453881345487e+02
8.251067575910149117e+02 1.083781353180758742e+03
1.612036597941442778e+03 1.146617524101365916e+03
1.976748839028583689e+03 4.436473513927768977e+02
9.008993934028682133e+02 1.973498145634407365e+03
2.209244383176057624e+02 5.515623436718076391e+02
3.495877373050215056e+02 1.493912788748618823e+03
1.672585926424349339e+02 1.491246973340627619e+03
9.467347242655716855e+02 9.115821476609995671e+02
4.024702935827198758e+02 7.854393400488406769e+02
1.560601320919522095e+03 1.855166299386322180e+03
1.558787779602395631e+03 1.559892175691864850e+03
2.216584926156141080e+02 1.867907666423879576e+01
1.013264879922601608e+03 1.495954055285448476e+03
1.127822566333322129e+03 6.735000803000543783e+02
9.457649726763994522e+02 7.909851188388197443e+02
1.015610423233498295e+03 1.555147746570750542e+03
1.747492636579164810e+03 2.036477815029809562e+03
1.431146173254338237e+03 1.206089316232488272e+03
2.325271786045970543e+02 1.910884714973573637e+03
4.141280803394257646e+02 1.789972053446551627e+03
1.793101284779912476e+03 1.089636085994674659e+03
1.496446216418317590e+03 1.558538274890786170e+03
8.850933977216545827e+02 7.315961293339796612e+02
1.489967605129746062e+03 9.692508690488916727e+02
1.500979239598142613e+03 2.035486818423885779e+03
3.543759544511209469e+02 1.910162246464114787e+03
1.370948184038240470e+03 1.087968931203198736e+03
1.671729974686000560e+03 1.148062854448486632e+03
1.488212680472272268e+03 5.018184778080847650e+02
1.801659242532979533e+03 1.857161211244346987e+03
1.374399908801322454e+03 5.631563412728959293e+02
1.802040755434416724e+03 1.738410707689003175e+03
1.736867560178906160e+03 1.384568987791154768e+03
1.019824087274953854e+03 1.973501302433323417e+03
1.315704691834672303e+03 1.736741614780477448e+03
4.749725842665583286e+02 1.970520725194967554e+03
2.297308854035419756e+02 1.611467128443695628e+03
1.438941128395104897e+03 1.797487234305140191e+03
1.248871119884536938e+03 1.203517355811907009e+03
7.090955295916310206e+02 1.319055127055896719e+03
1.740702038047987116e+03 1.797176154463974854e+03
1.307191704817283608e+03 2.609874477863816082e+02
1.672921003226806079e+03 9.042874745562018290e+01
1.131942615520135433e+02 1.909675252377462357e+03
1.075033305958560959e+03 1.616006433740749344e+03
1.495257244229504749e+03 1.264953144205530634e+03
8.358571141025180395e+02 1.733047040970632906e+03
1.246422440671404729e+03 5.566103385963909886e+02
8.369360848136874438e+02 1.972930490664703029e+03
7.051040797690053523e+02 9.088290717298441450e+02
1.438816076639203175e+03 1.558947386906832890e+03
1.377336698082574230e+03 1.856435007437967442e+03
1.136978033672828815e+03 1.914654861001147992e+03
1.679603668966418127e+03 1.857243423991237250e+03
1.007303823677759283e+03 7.923223011142941914e+02
1.078612873329229387e+03 1.675640292358256602e+03
1.925713842125851670e+03 2.039704381081780411e+03
2.926519948745668671e+02 1.909913933955321909e+03
1.079429334132657686e+03 1.913978483046833844e+03
1.441345624192777905e+03 1.734191862527995227e+03
1.249035911646690010e+03 7.927032540066535375e+02
1.981816854150757081e+03 1.680837337004777055e+03
3.463035546883626239e+02 1.257540700032998984e+03
1.317021351078915814e+03 1.559603924333063333e+03
1.855084496479285235e+03 1.325147553821799420e+03
1.490207580020073692e+03 1.146915777417181744e+03
1.859090215187059130e+03 7.991961869959083060e+02
3.973641523613421782e+02 7.855850680682122800e+01
7.746179969400216123e+02 1.672499599991787363e+03
1.613386157644042669e+03 7.963146492226550208e+02
1.555319369347117572e+03 1.379864634920164235e+03
1.189060374712700423e+03 1.203442562452724587e+03
1.061176376129089363e+02 1.492517731863643576e+03
1.498906422448313151e+03 1.498930216886507878e+03
1.920230873189432032e+03 1.560909119444150974e+03
7.667775826817787674e+02 1.199946720476075143e+03
1.316882820742924196e+03 1.854588028444662996e+03
1.100253336750921846e+02 1.669015595528058611e+03
1.855636932295317820e+03 9.725027494782013946e+02
1.126898866213653491e+03 7.918046922167654884e+02
2.920237444927635124e+02 1.671117012241550128e+03
7.761839583524154023e+02 1.732402776069716765e+03
1.432735476717918118e+03 7.332896120326049640e+02
1.369325297129549881e+03 4.993743354045560636e+02
1.735567911806663915e+03 6.208249145369027246e+02
1.066931413701765678e+03 7.338874132902096790e+02
1.499282853607132893e+03 1.738527633743498654e+03
5.325410654372113868e+02 1.852537613567644485e+03
1.128950102989163270e+03 3.226651013624550615e+02
7.031353684228423617e+02 7.917305029954146676e+02
4.615201802459304758e+02 9.651281191232534411e+02
2.926644466139899237e+02 1.791849150483419635e+03
3.542781875499184139e+02 1.969553538836916687e+03
1.709012160190027032e+02 1.790680181962718279e+03
9.511914582790581107e+02 1.378469167663846292e+03
1.916061806190051811e+03 9.707163625024033990e+02
1.312297620392014778e+03 1.323222105551849836e+03
4.714301243861312969e+02 1.552917703776633061e+03
1.612124336808419230e+03 9.103222446226238844e+02
5.852063637810649652e+02 7.286202679994786422e+02
1.318530487259761230e+03 1.916050830029149438e+03
1.183348655441380743e+03 2.511568303605184127e+01
1.128765199472721406e+03 9.687137115285510163e+02
8.261628599832848749e+02 1.201472003984100638e+03
6.462972094734868733e+02 7.313208606756021481e+02
7.761193382427778715e+02 2.031635642885829839e+03
1.065958497883094651e+03 1.086243054415176175e+03
1.975679553863569936e+03 7.941390295621499718e+02
5.123520412415101788e+01 1.849328317011828631e+03
5.271793605860577827e+02 1.375378177357662935e+03
1.612345325892237952e+03 6.194079891255847770e+02
1.130534214126369989e+03 1.263366353799008493e+03
2.854261830180235506e+02 9.051726541385675091e+02
1.920295802373435890e+03 1.620615017489560159e+03
1.378818148143346434e+03 1.619409855224367448e+03
1.011602450893696187e+03 1.436756897940010049e+03
5.280244263111995906e+02 1.433214906956812911e+03
1.554449854208770830e+03 6.771046401653461544e+02
1.318483596149393406e+03 1.974321185483927366e+03
1.732696973866454755e+03 3.848667435689519039e+02
2.039575668082834000e+03 1.326468246676567787e+03
7.196385644521601535e+02 2.030242197583890857e+03
1.189267242749974230e+03 1.142700203957333770e+03
7.004942790229104048e+02 1.907484406617876616e+01
1.069539670589284469e+03 2.643416186426446757e+02
1.561100004153038981e+03 1.679441037777427482e+03
2.837046161997383820e+02 1.080732780473360208e+03
1.138586124187886242e+02 2.029512176499728184e+03
2.204903006983893476e+02 3.151614047551621525e+02
8.292734896360768744e+02 1.319575491397462883e+03
3.516311161369967522e+02 1.792341998128904379e+03
4.726825661725142140e+02 1.730690981239398752e+03
1.713586382956270313e+02 1.726788415792508886e+03
6.556079851839901949e+02 2.031590687006112603e+03
7.635079731476722600e+02 9.672809125404206725e+02
1.552110009156793467e+03 6.168012124610563660e+02
1.493650476696081341e+03 9.151946236468347706e+02
1.014602398742860032e+03 1.793794498376769525e+03
9.482171902459795092e+02 1.085923733359077232e+03
4.133809178704551073e+02 2.028655091238362274e+03
9.951782216040706430e+01 6.723852480674914887e+02
5.859600623200112750e+02 1.199531202129618805e+03
1.641729457289515324e+02 7.868083707917240872e+02
8.944348528930983093e+02 1.793408194473454614e+03
1.257116719651238554e+03 1.619519825338705004e+03
1.612277051384665128e+03 5.025657422152079334e+02
1.066041749992481073e+03 6.166329779167016341e+02
1.558802989523576116e+03 1.617240331089546544e+03
7.137611782606387578e+02 1.732140759038483111e+03
1.372085057103220379e+03 7.955795183336624632e+02
4.019265625134327138e+02 3.159407355809362912e+02
9.591797229880571649e+02 2.033911840695212277e+03
2.038968360479173498e+03 1.384581565429125703e+03
8.307790527809687546e+02 1.437572276940544043e+03
1.915028846352822711e+03 9.128344526400799168e+02
1.079323721782934399e+03 1.794394080485208633e+03
1.199225534694428916e+03 1.794379229327249504e+03
8.258417789561787004e+02 4.953302278253095210e+02
1.186419624710128801e+03 6.141949896672977047e+02
1.247353511210660827e+03 4.986410545608485450e+02
6.552274964506049173e+02 1.734301772322010720e+03
1.492027245260833070e+03 7.940792805692254888e+02
1.616113499368796056e+03 1.319182222760638297e+03
4.719822693603716743e+02 1.674241905077456067e+03
1.372675523003862054e+03 9.119592591492622660e+02
5.239042998671985742e+02 1.141533160179951437e+03
3.389761581037564042e+02 7.859442022279579021e+01
2.220516767923713246e+02 6.714503272270563912e+02
1.734181485900064672e+03 2.679982715100650239e+02
9.946032322518374258e+01 3.146251189004312323e+02
1.039901093757187738e+02 1.136897943261692490e+03
1.665647428062536335e+02 1.373839846554195447e+03
1.681478765768604717e+03 1.680162559875002898e+03
1.861687379010050790e+03 1.918907337502060727e+03
1.194186238394090424e+03 1.557871576257722836e+03
1.498120273623685989e+03 1.384210270308907866e+03
2.285244349550807783e+02 1.492396123806546029e+03
2.307468763035703603e+02 1.670709135589668449e+03
7.622134964665648340e+02 2.225277652747125501e+01
1.731508271037219174e+03 1.504488750438796671e+02
2.865171950130857681e+02 1.374079833136115894e+03
1.432839679525254951e+03 1.381270766114604839e+03
1.797593901158772724e+03 1.500976942320995704e+03
1.676446638776887767e+03 1.263657217994191114e+03
1.439251462425101863e+03 1.679667550828390176e+03
1.739275113999915163e+02 1.909862974436273817e+03
1.671381786421338347e+03 2.665080659265775864e+01
1.613545659521744710e+03 6.767180835650074187e+02
4.114905744380006354e+02 1.552581206535467345e+03
1.557561929354019185e+03 7.388731413992932175e+02
3.424472918428052708e+02 2.548489901903824943e+02
1.012656786140037411e+03 1.379667324050220259e+03
6.427659446137337227e+02 2.585700871988598806e+02
3.404454157073926126e+02 4.906791180224039977e+02
3.453003460183759330e+02 1.373757224346277553e+03
1.433029235722865906e+03 1.146869459035433465e+03
1.067655679678822253e+03 1.203083801274724465e+03
1.064364943928631192e+03 7.926741401371904203e+02
2.945105061859529769e+02 1.971374230950556921e+03
5.339442960703050289e+01 1.789980954965774117e+03
1.430770442237503403e+03 1.029735102898269361e+03
1.007781893165711836e+03 1.260926161161270329e+03
8.323772575531288567e+02 1.612984071953605280e+03
6.499350739423490495e+02 1.376150826528771859e+03
4.680289333782579888e+02 1.315944326363567598e+03
1.128860684472625508e+03 1.144806389711540078e+03
1.561850571418888421e+03 1.975876344244270967e+03
1.314897604793620076e+03 1.438416217515768494e+03
1.618947047361179330e+03 1.618993888891891629e+03
1.794227939627369096e+03 1.493037838729025566e+02
1.312026809459366177e+03 5.019434747626062858e+02
1.798934388232536321e+03 7.385827101913286015e+02
2.042364122899009544e+03 1.621055106175808760e+03
5.309286424082519318e+01 1.909861718469529706e+03
1.733822911523891662e+03 5.022269082624783323e+02
1.612326071326421300e+02 4.342987449802162701e+02
1.915678794617821040e+03 1.385077895114442754e+03
1.982758147810429591e+03 1.919012839633629937e+03
1.679211105451133790e+03 1.618022346832814492e+03
1.371003634721177377e+03 6.749773072725771499e+02
5.018700872520246747e+01 1.609546902082653332e+03
1.731208772111124290e+03 3.227665928588557449e+02
1.069455305764352488e+03 1.261225581482207190e+03
6.421685379367654605e+02 1.793458980758639498e+01
9.432864426841424574e+02 2.002990059867453283e+02
1.796618786079759957e+03 1.380690673942565581e+03
8.235505846927821949e+02 5.549213630166593703e+02
1.369986779792814104e+03 7.352095291895534501e+02
1.186558197123715900e+03 3.220801472909254244e+02
1.310985852232434581e+03 1.263414785171954009e+03
8.262594359297277151e+02 1.142896368927204321e+03
3.413814810091602112e+02 7.889567120280986501e+02
1.680844601011610621e+03 1.799081939971468955e+03
1.434013476650426128e+03 8.559594871945157593e+02
1.438945236744410522e+03 1.855877160311583111e+03
1.679015209341986974e+03 8.576340367986597357e+02
8.870813118820362888e+02 1.201647451318284766e+03
1.072674146454929769e+03 1.437952783365158439e+03
7.654255565522792040e+02 1.084409103875649180e+03
1.191927065092038447e+03 1.320874220704673235e+03
1.259914553479350843e+03 2.033984168518844626e+03
1.857021010479567622e+03 1.034200178756083687e+03
1.678859622901698458e+03 1.559253114765966984e+03
1.428889780885140226e+03 7.951050921343970685e+02
1.857227759156842467e+03 7.367812213685646157e+02
1.913443695377653739e+03 1.486832197397037874e+02
1.127821753635332698e+03 2.620686474120336698e+02
1.004264515781285581e+03 8.494607932054402681e+02
7.686678828801885857e+02 1.258263370658039776e+03
3.402094518878083136e+02 6.715338886450864493e+02
1.439070998181978666e+03 2.038286911000038799e+03
9.512108049430927394e+02 1.320307974748359584e+03
1.499347951346019272e+03 1.676234317904064710e+03
5.901824977306621349e+02 1.554946138940380933e+03
1.188754842574937129e+03 9.109414585450082313e+02
1.680429162776629255e+03 1.738607280663457459e+03
1.555000804767961995e+02 1.621737236222769241e+01
5.840350915417395754e+02 1.142017024799995170e+03
8.346300221947876707e+02 1.851149303969044922e+03
1.673715517931796057e+03 1.207032725453139847e+03
1.247312857387729764e+03 8.520370905009482385e+02
7.053025453970516310e+02 7.312358955205179427e+02
2.837995723189092132e+02 5.533242074546490130e+02
1.250479984690783567e+03 9.115384392620828748e+02
1.733777017933903835e+03 1.150051633152878367e+03
4.087918837316505574e+02 1.375656362946456511e+03
4.620944402340290935e+02 1.981297506230039573e+02
7.059548170300448646e+02 1.199741719637039068e+03
9.720593090219037435e+01 7.629273138400409948e+01
1.974786448237271316e+03 9.142393908854273832e+02
1.309444231503127412e+03 1.028515208713222137e+03
3.694696101993208259e+01 1.774573867523126580e+01
4.030881421359848673e+02 9.640426641579887246e+02
1.672776669837279542e+03 7.367615488045250913e+02
9.566332999630891436e+02 1.674861264412742230e+03
1.856754983499351738e+03 2.696675907657062226e+02
4.687960837377095231e+02 1.492389290897802766e+03
7.168590213604412611e+02 1.971895436042076881e+03
1.127316308766108023e+03 4.387862887413156159e+02
1.026963037203694711e+02 1.023893270348204169e+03
1.795382137908535697e+03 6.773793917691602928e+02
3.413850899361485176e+02 1.082346583888842360e+03
1.436038827581561691e+03 1.619026174613244621e+03
5.835691672053404773e+02 1.082642758982182841e+03
7.057613263909789794e+02 1.142163000541770316e+03
9.543033717284545219e+02 1.852330308620920050e+03
1.500757113318235497e+03 1.856350200254548326e+03
1.550141109577118868e+03 2.664554660578212975e+01
2.781342129631412377e+02 1.729348427774768027e+01
1.377043869035942635e+03 1.676876149068709310e+03
1.125162217650598450e+03 1.415087248849376067e+02
1.433935514304134358e+03 1.324031696818879936e+03
1.560607815364370708e+03 1.916714079365268162e+03
3.432497738000954541e+02 1.023012421898467437e+03
1.684037500715950728e+03 1.977372237157086147e+03
1.978156655945397006e+03 1.094792923835308102e+03
1.427088961979471605e+03 8.549289092587025607e+01
1.614763440339330828e+03 1.440526395731061029e+03
1.370938010078646130e+03 1.204142442891342853e+03
2.860731900197189930e+02 1.255541362559421032e+03
1.130352532528552274e+03 1.320319097909750326e+03
1.372061362363456055e+03 1.439587347292451341e+03
6.567299437408448739e+02 1.911146545060165636e+03
9.471963504023709675e+02 1.201796503941575111e+03
1.132018738565155445e+03 1.500121845998622803e+03
1.008047442972344811e+03 9.086313301897567953e+02
1.105879752316543545e+02 1.849721563457599586e+03
1.188808173794913046e+03 1.027368119606816435e+03
1.735547241990028397e+03 7.968719317453092117e+02
5.231779814263627486e+02 7.306284516147422892e+02
7.072679129430894136e+02 1.258298313517455881e+03
8.861638894148916279e+02 1.083446878590777033e+03
1.551686944595863224e+03 9.707471254668544134e+02
1.975219332059993576e+03 6.781857289008067937e+02
1.855616789896831961e+03 8.554946083641517589e+02
1.978998054667297765e+03 1.150585714986598077e+03
5.246009977951778183e+02 2.605081310236721492e+02
1.060082482888937960e+02 1.373199316455317103e+03
1.185629983850066992e+03 1.424879996813496632e+02
4.006875855545590639e+02 5.496546571473554650e+02
4.657787576498845397e+02 7.297646261013790081e+02
1.612288279791040679e+02 1.379205351879725185e+02
1.196393801192247565e+03 1.617182701081526147e+03
5.819555222099780849e+02 3.197837758436482432e+02
1.075893057088564774e+03 1.850594465194303893e+03
1.734145440839308321e+03 7.357959964917466777e+02
2.785502912543129241e+02 1.368618134321245066e+02
1.733055114554830652e+03 8.799930494338346421e+01
3.405999675853562962e+02 6.113354364996883987e+02
1.110320644143902342e+02 1.426354096977218546e+02
8.254096669467766105e+02 2.609165604385985944e+02
1.620588444498499712e+03 1.914635866299467580e+03
1.649836039952301689e+02 1.313710535670634044e+03
1.975202338796029835e+03 1.032614793231867452e+03
8.236654954839872289e+02 7.301700021974470474e+02
1.553692908134091113e+03 5.028553021169852855e+02
1.612608716891907534e+03 3.075869995380595157e+01
1.790008695032087871e+03 8.731308220473766823e+01
1.090478603288118222e+02 1.611596488384037457e+03
1.137483565066292385e+03 1.675839505179791786e+03
7.698062676703663101e+02 1.436221575225479683e+03
2.835757546721550284e+02 1.315130877912433107e+03
1.134333383385310526e+03 1.438240446482739117e+03
4.625860735317814374e+02 4.939916642496658596e+02
1.018793872260015632e+03 2.033129669717904790e+03
6.434658604457412139e+02 9.651012955559804141e+02
5.838461188467197189e+02 7.903609045573728054e+02
9.435240761660893440e+02 6.757287302459119473e+02
1.310389798882732975e+03 8.716196414353180444e+01
9.473359591708000380e+02 1.258802336210187832e+03
6.443247437658616263e+02 8.493008004947801055e+02
1.910179974169906700e+03 2.068921069848103969e+02
1.673041739206505326e+03 1.476184270324100112e+02
8.270334784788875595e+02 9.642860281923099137e+02
1.924932424278404596e+03 1.918279264385985925e+03
9.429526211700130034e+02 8.171325071762011305e+01
3.416167729075652915e+02 4.348645638722691160e+02
1.004180970351554379e+03 5.549213352057290649e+02
1.912011267140335349e+03 2.987324586211961019e+01
8.902240036569248787e+02 1.320011612151031386e+03
2.233354065227857177e+02 2.546382074015951389e+02
2.787693895958653911e+02 2.575708455152034730e+02
1.862875998041995899e+03 1.797999420814331415e+03
1.491700490338696000e+03 1.087908776254083705e+03
8.914402316247412728e+02 1.496804014911866716e+03
7.687019468217572467e+02 3.205283482397687749e+02
4.004648271432517959e+02 2.564119478610867304e+02
1.677712567843851502e+03 1.323162898858570770e+03
1.005193793579133853e+03 1.145756545310755655e+03
1.490041464689565146e+03 4.398819997153585746e+02
4.636077685217659337e+02 1.021311773341742537e+03
1.630862372898612591e+02 6.683702223511744478e+02
1.629253272177407723e+02 1.140268563605241752e+03
1.136298186872912765e+03 1.618011474379123683e+03
6.466973929578163052e+02 6.708235727391967202e+02
1.499843531379265642e+03 1.976786874772721148e+03
1.617308382114401866e+03 1.382386539154179445e+03
1.734832832669113259e+03 1.324053238826789084e+03
1.553609299070703401e+03 9.131830256163362947e+02
5.888974582520170316e+02 1.376704350660947966e+03
1.190689979446878397e+03 1.086544967533859563e+03
2.786797838492439610e+02 7.895526255192177700e+01
1.374472980777472685e+03 1.381331692436899630e+03
1.140263136105881813e+03 1.854076060698786023e+03
5.240743517140465428e+02 1.023684871467307858e+03
1.005308258791800881e+03 9.681756631471600940e+02
1.971541763079913380e+03 2.653270491207674127e+02
1.551677846932130933e+03 7.938042766771333163e+02
4.028526820286907650e+02 8.480255524597545218e+02
2.806894876275317756e+02 7.306583962560192731e+02
8.995826179217074241e+02 1.852290184840945130e+03
1.560213963717469369e+03 1.738511965603029921e+03
9.548658113947195716e+02 1.733891927197232008e+03
1.309145832172708651e+03 7.366098878061133064e+02
1.138717903595575535e+03 1.791048152115534776e+03
1.127756657345170197e+03 8.528895779095486205e+02
1.104277749614769419e+02 1.789602998831855075e+03
1.248612045190619256e+03 3.205553595764519628e+02
1.659517072147273780e+02 9.055427912493565827e+02
1.253557065520854167e+03 1.436720761612989008e+03
4.043081601798031670e+02 1.078481235841871467e+03
2.040040193420688411e+03 9.730963460537927858e+02
1.734910931715526203e+03 1.090722487398261819e+03
1.067724712326164308e+03 9.668857851970808497e+02
1.309529193494202900e+03 6.749261842465579093e+02
1.183442140634631187e+03 8.361255992108381463e+01
1.672494103296572803e+03 3.237460291500072458e+02
2.040214497802009646e+03 6.823177365856878396e+02
2.036414990999509428e+03 3.279847204331995840e+02
9.461464255483921306e+02 1.143511807080004473e+03
6.393243645988346771e+02 4.933708721611832289e+02
1.247363354902938454e+03 9.694381787422319121e+02
3.435315996356765140e+02 3.182648643526123919e+02
1.121005783171366147e+03 2.196122602003084978e+01
7.061567030525801556e+02 6.109079635136949946e+02
2.894579038192086955e+02 1.612151461949035820e+03
1.854555396296806066e+03 3.271643056950581467e+02
1.065084060905594697e+03 6.739310881358089773e+02
9.481774713341031884e+02 9.692288976955262569e+02
1.303900397376743967e+03 2.031151405966377865e+02
1.492246598097768583e+03 1.029193756711521701e+03
1.916284803373562454e+03 2.666861760061502196e+02
1.917653310832012721e+03 1.324839420756082291e+03
1.194113785339045535e+03 1.496170510222229268e+03
3.386914254422981685e+02 1.970031770428705329e+02
4.664837319013857382e+02 1.140250448165324542e+03
4.020428867425418673e+01 7.275466998518649007e+02
1.077987185911770212e+02 1.432906965691337064e+03
1.976144823988809321e+03 9.720456347762057021e+02
6.519054570209846133e+02 1.493915419950360047e+03
2.258909507740358436e+02 8.451546447264812514e+02
1.380728033950784265e+03 2.034637549344349054e+03
4.570440208091788463e+02 1.795835675454760860e+01
9.455282538015684395e+02 6.128872193096653973e+02
1.725211172820841057e+02 1.669809860658883508e+03
3.417863835844012783e+02 3.756247671913096156e+02
1.553360944201599978e+03 8.534968662820075451e+02
1.976739143300269006e+03 1.206913426214715628e+03
1.553288582158095778e+03 1.206025290677310977e+03
8.264680360890583870e+02 9.090639441502531781e+02
1.430194820443597791e+03 3.227561894603505266e+02
1.804714221246425723e+03 1.976451865204982141e+03
5.308946402747866387e+02 1.550731300194708183e+03
5.273840069938182751e+02 1.317652998022689872e+03
1.124658269983192213e+03 4.971584707242332684e+02
1.004526159832330109e+03 2.028863519642683002e+02
1.796546944528778340e+03 9.139641211175517128e+02
2.214664421762292648e+02 9.061895005307426345e+02
1.487592970399387696e+03 8.327181859155056998e+01
1.794084497967173320e+03 1.032058915418569995e+03
4.228604225525466376e+01 7.858584482595174450e+02
1.551465432777253909e+03 3.809236032995479491e+02
1.684052132901740379e+03 1.916770993071918383e+03
2.848367337550305365e+02 7.863765890663521532e+02
1.431867131568751347e+03 1.087178402709425200e+03
1.673797546725791562e+03 9.123146814642268509e+02
5.870672583669145297e+02 6.731224863316908795e+02
6.523424502628976143e+02 1.790378472125662029e+03
6.448437669797862100e+02 5.497570252661994346e+02
1.916496807804309810e+03 6.201974820145641161e+02
1.067748498333736052e+03 1.143568332563672584e+03
8.804600494296721536e+02 4.929733789757908653e+02
1.066368743295985723e+03 9.091595018004300073e+02
5.850373650248330932e+02 4.927129772573065907e+02
1.612517839582684246e+03 1.206570557768811113e+03
1.429901777968175338e+03 9.119517389214372542e+02
1.486866259633635991e+03 2.534468956408554163e+01
1.430603965146999599e+03 4.990476740559761311e+02
3.449015005920373937e+02 1.197744152835910199e+03
1.978562557349001281e+03 1.442456304668073244e+03
1.067261427671484626e+03 4.975971077030536094e+02
5.873729394900518628e+02 1.021364368514637363e+03
1.975369915971506771e+03 7.386709114978061734e+02
6.493091165634083382e+02 1.319157580639026946e+03
1.915105955708045485e+03 1.033239611837277835e+03
1.734947767878520381e+03 9.710359223350507136e+02
7.636481793790152324e+02 6.694369511818326828e+02
1.005973290055079019e+03 3.197448800833079190e+02
3.963116283058421345e+02 1.551710483879035962e+01
1.797021284450655912e+03 1.147100962220688416e+03
1.546379535661047839e+03 8.565941921554545502e+01
2.796724486790270703e+02 1.936061737215765675e+02
6.435658930254028292e+02 6.125287376910226840e+02
1.187077395984906843e+03 5.581234077491147900e+02
1.674807288202305472e+03 5.002173906396785128e+02
1.665425343711901007e+02 1.433431939738929941e+03
1.855382743760103722e+03 1.442855059922165765e+03
1.369245826572239594e+03 6.162120497921571314e+02
6.476441575502605019e+02 1.259439206002641640e+03
8.251905786185291163e+02 8.492781570963940112e+02
6.447296130722684211e+02 1.200923355078253735e+03
5.220611364239289287e+02 9.064872296539352874e+02
3.428255987915966330e+02 9.044348314123207047e+02
1.124974804982415208e+03 2.005096340627673612e+02
4.014819430797662676e+02 4.343540357749842542e+02
9.733002918295484562e+01 1.529914567916180701e+01
1.490112638396673901e+03 5.582572133481077117e+02
4.045710216088449442e+02 1.258474208906099420e+03
2.861520617312178274e+02 1.432652523996395075e+03
1.190425328845147988e+03 8.518579674839545532e+02
1.310358338087816946e+03 9.696408736351000925e+02
1.428868492471609898e+03 2.620663474522341403e+02
1.975970824271524862e+03 3.866673422345133986e+02
4.032843622728788091e+02 1.022963124630321545e+03
1.918284318538361731e+03 3.278620339535292487e+02
6.996975151616874200e+02 3.166676986293724099e+02
1.600007508503268241e+02 3.753419234077303486e+02
1.190016403838305223e+03 3.826656053888518727e+02
1.735793841206973639e+03 8.537428054694770481e+02
1.199417647913827295e+03 1.971693331694349581e+03
1.499471106577808769e+03 1.620493800164269032e+03
9.957115388177888349e+01 7.863921696068358642e+02
1.070392751083303438e+03 1.380073117905298886e+03
1.006572161470414471e+03 4.381938052397791807e+02
7.065474831478647957e+02 9.641859236354445102e+02
5.189269367712074654e+02 1.375330734726148307e+02
9.423928267329251867e+02 2.600977554055411360e+02
1.672426549745352531e+03 4.402630062022089419e+02
1.129897134010576110e+03 5.584551245587377934e+02
4.016997811258619890e+02 6.115711581002832418e+02
1.249055499968445247e+03 7.346424885494669752e+02
1.366391754801449679e+03 8.485177218465135240e+01
1.252738432134149662e+03 1.381950022518225524e+03
8.860594531330860946e+02 8.513659460199114619e+02
5.822018908478195272e+02 9.627191512346687432e+02
1.256296996205805272e+03 1.498667898401670755e+03
5.237586777142814753e+02 8.485262239199232681e+02
1.008020404663282534e+03 6.752796947862269690e+02
1.002455691025881919e+02 3.727880234099599761e+02
1.554321811588818491e+03 1.146203586562414785e+03
8.874128909359948238e+02 4.377300879552169590e+02
1.251990173205027531e+03 1.262134269870125536e+03
3.446436037124859126e+02 1.138683922095744265e+03
7.072804767636914676e+02 2.603411785542762686e+02
1.727276767926026878e+03 2.789543766819584647e+01
1.855387925753533409e+03 3.862346550792883590e+02
1.550640555150767796e+03 5.606090795741240527e+02
1.042541080899994483e+02 7.282043946501670462e+02
4.613132401337001056e+02 9.032661567595321230e+02
1.798958451191634822e+03 1.442867787771176154e+03
1.130905461778683730e+03 1.201194526806952808e+03
2.236108550925937948e+02 1.081429668722777024e+03
1.493932333421186968e+03 7.378443376815166630e+02
7.694753748645662199e+02 1.316475423331113234e+03
4.053042668852324937e+02 1.140730827664010576e+03
1.002484290896651373e+02 2.534848171323039310e+02
1.308765975595526925e+03 1.145307962922469414e+03
4.059059425514794270e+02 1.315774187727301296e+03
1.372961895651982786e+03 1.319048948350141018e+03
1.916435473566079963e+03 6.794279309749339291e+02
1.306434686234650826e+03 1.436046165372170549e+02
2.236347709180343202e+02 1.197045758750899040e+03
1.974009339887176338e+03 3.275349543285987579e+02
1.558028929002900213e+03 1.799147077621111521e+03
1.039029096240502952e+02 1.080146983005912489e+03
7.710416693801324755e+02 1.554506905738050136e+03
2.035413604506322145e+03 6.202586814473631875e+02
5.845354005092499392e+02 2.573111721593008383e+02
1.126743191144654702e+03 7.341019024309812266e+02
1.622919835596973599e+03 2.036927392266404922e+03
4.756982741933650800e+02 2.030212377423227508e+03
1.611639473167366077e+03 4.385258849019127183e+02
7.045882593178573643e+02 1.024641881381989378e+03
5.312260744675348860e+02 7.930933887853948363e+02
2.033898550621486038e+03 1.149348081598842555e+03
8.224007848162038954e+02 8.242607928242107107e+01
1.854965388667544403e+03 6.776245024222674829e+02
1.589271976163050510e+02 4.923116308528319678e+02
9.446232417061925162e+02 4.362755463293257776e+02
8.219569881384950349e+02 2.275296544155204259e+01
1.005336666116661945e+03 1.086861202995884241e+03
4.620634014892400501e+02 5.532996012819514817e+02
8.824855402858147500e+02 6.147701291924962561e+02
1.309867928844509834e+03 3.791024811335663571e+02
4.044920495544705545e+02 6.710804123131467804e+02
1.256700453796038801e+03 1.795398212600282932e+03
1.736842044622830826e+03 6.782146160273671285e+02
2.226522601712676135e+02 1.022526151185083563e+03
3.478966811657059566e+02 1.315557034158126044e+03
3.375191581685498363e+02 1.753022300012985113e+01
4.849835798974384460e+01 1.491256206366646211e+03
1.371360483518360525e+03 1.145439293554239157e+03
4.630746841806519569e+02 1.197973996013007309e+03
1.253046671509832095e+03 1.558437290978780311e+03
1.309848044642775449e+03 1.203195530874254928e+03
7.057301674595260010e+02 1.082753861701211008e+03
1.794885665142898688e+03 1.207152322140338811e+03
1.916214661269111730e+03 5.030201332145105653e+02
4.036686815472268108e+02 1.398012512897043678e+02
2.182054981168969618e+02 7.576391373389218131e+01
2.035410999121239229e+03 4.408187327359397045e+02
1.246442719232828949e+03 1.459749129362711244e+02
1.371332876971434871e+03 1.266103550232774523e+03
4.622059695119923504e+02 4.356338292796705787e+02
1.797239044382741213e+03 1.325003555002664370e+03
2.039393429103824019e+03 7.980855596802060745e+02
5.879489198843945132e+02 1.259048386218765700e+03
4.656424739570167048e+02 1.258253262115796360e+03
2.195403172634372879e+02 1.969617181753050943e+02
6.463862451968182086e+02 9.070710868931197410e+02
1.551821177467085363e+03 1.030104652619659191e+03
8.937233679429991753e+02 1.379012044016649043e+03
1.622290932243781185e+02 1.020238638149258804e+03
6.448102230425457719e+02 1.142501669861327628e+03
7.021689167441072641e+02 8.491877424568382366e+02
8.815666740929971184e+02 1.997656007174690842e+02
1.187120787835829105e+03 9.681401851317484670e+02
1.122462333515896717e+03 8.277865613190131455e+01
1.246808881528937718e+03 2.594576825919587577e+02
1.731883282538638014e+03 5.584122887894613996e+02
4.334833161423593140e+01 7.983556630597279025e+01
1.557920551238428743e+03 1.440267800561535978e+03
1.674165787019273239e+03 6.191969021435434115e+02
1.250250905539313635e+03 6.765382496050951886e+02
7.594464503038719840e+02 3.774953110137395811e+02
8.236120797986202433e+02 3.176823371074574425e+02
1.432506647507533444e+03 4.410782692567912591e+02
1.796999175697125793e+03 8.540894526683191543e+02
7.007558390927177925e+02 5.524866857696681564e+02
1.611775541692541083e+02 7.225168709211742168e+01
8.274115212624333253e+02 1.378630218969204861e+03
2.219410815532380070e+02 7.896947376032679813e+02
5.187627542639334877e+01 1.669938868328362105e+03
1.733409789637262975e+03 4.406281271314146579e+02
1.431100977640693372e+03 5.602184077350960933e+02
1.617299709120901241e+02 1.197740732365591839e+03
3.405763058614464853e+02 7.276603387583728590e+02
8.869834595360589446e+02 9.085003516885814179e+02
1.792858648383589525e+03 2.653951952658076152e+02
1.913467070168468354e+03 1.147860914236160170e+03
8.258196717427841804e+02 3.775479269920931529e+02
1.434593724632864451e+03 6.187713865175333012e+02
8.217874899003076052e+02 7.928579067058809642e+02
1.068103352632694623e+03 1.028738325797373363e+03
7.027419365534618692e+02 6.722678690444492986e+02
5.246078121723713821e+02 6.696865668468061585e+02
1.976026425224949207e+03 8.557403311204895999e+02
1.493396444150748493e+03 1.323969106746791113e+03
6.421766622044700625e+02 8.114741939916605418e+01
1.614359597046254294e+03 9.716973413937904525e+02
2.798144360361840199e+02 8.452667492101832067e+02
2.219564382865322614e+02 1.139850459736513130e+03
1.369387294901788664e+03 1.028406465438365331e+03
1.064967370179274667e+03 5.571378071842674444e+02
1.130200752216807132e+03 1.085389918797210839e+03
1.028120945274278029e+02 1.198361936201678873e+03
1.250621280261081665e+03 2.035032962788716588e+02
1.854119729183160644e+03 1.208181310247721285e+03
3.438498374709399741e+02 8.454240404531821014e+02
7.671424092995189312e+02 9.080905442793608700e+02
2.040057519817530192e+03 8.572448731202523504e+02
7.645102432813705491e+02 6.132044279816902872e+02
1.610715071371531621e+03 2.641534489958320364e+02
2.205520082591366133e+02 6.088117929734989957e+02
7.637961655746507859e+02 1.025391030090826462e+03
1.596805094842559356e+02 7.305041836600252054e+02
2.201012078204393845e+02 1.351399792209513464e+02
1.005114525726383704e+03 3.790825846084172781e+02
1.853180295463003858e+03 5.607093408604864635e+02
1.550278034811358111e+03 1.088474347064723588e+03
1.256888188885356612e+03 1.975553455899638038e+03
1.556040326396037017e+03 1.323855167221497595e+03
8.225360024143021747e+02 1.416807593165123080e+02
1.188397414363300186e+03 6.759845750218114517e+02
7.060544882502717883e+02 1.437960700377416003e+02
1.794877133141641252e+03 5.016867794067856039e+02
1.614556700868758981e+02 2.539593515393418670e+02
1.620419444115083252e+03 1.678009144748406698e+03
9.459545172292138204e+02 7.317374832482453257e+02
1.588939752353926451e+02 3.119750220144896957e+02
6.461400643039150964e+02 1.082000004129077752e+03
6.414189602366491272e+02 3.784257930316238117e+02
1.367530570689363003e+03 4.407405868978399326e+02
1.791008935093673017e+03 3.818325481375380832e+02
8.223634283913823992e+02 4.353006946831488904e+02
2.769698207040415809e+02 6.665867887758482766e+02
1.496354580075556214e+03 8.543742272345409674e+02
4.031595589720832891e+02 9.060405752447646819e+02
6.986725514070378722e+02 8.070800656880689417e+01
8.851373291178199452e+02 2.593598264838899468e+02
1.430687526368130648e+03 9.692950302596985921e+02
3.418970852372949025e+02 5.523106078916811157e+02
1.183873726403832279e+03 4.397981177598449563e+02
1.440560190649277502e+03 1.914833456756867463e+03
8.841735350729038601e+02 6.720803728611936094e+02
1.612007723554707582e+03 1.087423818049605188e+03
1.005916754988568641e+03 7.325242116996199684e+02
1.427690923258637667e+03 2.546974002493732314e+01
1.244656750100851696e+03 3.807779692114917225e+02
1.854445009275573511e+03 6.190141699508886859e+02
1.125632458282758307e+03 3.796721405686563457e+02
1.001517635360041822e+03 8.213189672261266594e+01
1.249022962063648492e+03 2.804078065189900570e+01
1.129497117977108701e+03 9.108487459781654252e+02
1.062909857184334669e+03 2.238967349619315428e+01
1.675047928948211165e+03 2.079999132773406529e+02
1.249225680957242957e+03 4.409999161593682402e+02
4.006206878085319545e+02 3.779588844577806412e+02
1.308524878657381123e+03 7.944587026957710805e+02
1.850074876267266973e+03 1.475115592751628242e+02
7.630616079654296300e+02 7.902920846873431628e+02
5.273617378488636405e+02 1.259630508570749043e+03
1.616968391505109366e+03 1.265315088405887082e+03
1.064422025012220729e+03 2.020609552162009663e+02
1.732372001671315502e+03 2.057742086524445995e+02
1.672486099472438809e+03 1.088564251759817125e+03
4.794687379476025768e+01 1.430234071157334711e+03
1.186415602730128967e+03 2.605029362759411811e+02
1.000481594039367565e+03 2.065615051535653635e+01
1.787629242561421052e+03 2.761135299148750732e+01
1.611079901577219744e+03 8.660238829840658070e+01
1.554528792873778912e+03 4.433996697155807851e+02
5.221346803953359768e+02 4.325606085797735432e+02
1.005095314231501447e+03 6.151873400744630089e+02
1.916634798357192267e+03 8.553315996272140183e+02
1.856953840537755468e+03 1.385694590816106711e+03
1.366786131768576524e+03 3.816262452653080004e+02
5.847964899837504618e+02 6.119503952698535159e+02
1.854696195741114707e+03 5.039409585952691941e+02
1.188063747287306796e+03 1.262476683594332144e+03
4.014309803433368984e+02 7.286264010348712645e+02
1.490441242170814576e+03 2.642015239184368056e+02
1.644330430584987539e+02 1.257585903119919749e+03
1.372288858250533849e+03 1.490823073983378322e+02
7.799147857727683686e+02 1.971468300526180656e+03
4.464386854852368458e+01 1.195817483073826452e+03
4.616332995397893342e+02 2.553184453123595858e+02
1.371049859467823808e+03 8.543881160923672269e+02
1.490034454023231774e+03 3.814388775329507553e+02
9.437014843592149873e+02 1.432156172875356219e+02
1.804000000000000000e+03 2.150430545762379779e+02
1.245581793582801993e+03 8.578110930111290600e+01
8.848175856740929248e+02 3.207891602234320771e+02
1.670837259189045653e+03 9.701995529030552916e+02
8.212037399730586458e+02 1.986519572027335414e+02
3.434655478509802720e+02 1.379938365096802215e+02
1.604958454706549276e+02 8.454536942149265997e+02
1.306476384294889613e+03 3.223312330506339549e+02
1.674126803831646612e+03 5.629008349745851092e+02
1.249002331499230650e+03 1.146424684274461697e+03
1.916055026178928529e+03 4.453435030074610381e+02
3.910459580306770278e+01 6.115959495616550612e+02
6.442587539167748218e+02 7.888517504124781681e+02
1.488091718134677649e+03 1.454137225198049919e+02
2.245388843587650456e+02 9.625190526448411674e+02
1.852547829480901555e+03 2.087622508877258554e+02
1.028489487898641812e+02 1.258239521355283159e+03
2.229992963162387412e+02 1.256149281407154376e+03
2.799939137627825403e+02 6.116783110199254452e+02
1.065068717741402907e+03 8.505353032557883353e+02
1.975040027530681755e+03 6.211933666798364584e+02
7.001569022514202061e+02 1.987278284606003353e+02
7.625699977998260692e+02 7.324085234600288459e+02
2.816390101168928481e+02 4.324990906098510663e+02
1.369187840795961392e+03 3.213041944069734086e+02
7.636091867554681585e+02 8.509658296928863592e+02
8.813455360429171606e+02 2.151336490405176960e+01
2.227149176905191439e+02 7.264012305168644161e+02
1.062091162143784686e+03 8.380797178250513468e+01
4.457429661936821930e+01 8.465599909160331435e+02
7.688953322203999505e+02 1.378597687774325777e+03
1.496272394612346716e+03 6.188074868645151128e+02
1.024894056761507954e+02 9.605976086959673239e+02
1.306138500559781050e+03 2.519022388820175706e+01
4.643638653134750029e+02 8.462654286608334360e+02
1.307799210122201430e+03 5.563742939014392732e+02
5.809103817230246705e+02 3.769118955201647623e+02
4.086865785868623391e+01 3.750318580948444378e+02
9.503443558458212692e+02 3.815590739202784789e+02
7.067163294707999057e+02 4.922899652180460635e+02
2.792740109956860692e+02 3.758572393525230950e+02
1.616915228731799630e+02 1.079256796613744655e+03
1.915434224052504078e+03 1.207935988205750391e+03
1.917534288498276737e+03 7.376731000759390326e+02
9.383401969421140620e+02 2.091241437755526533e+01
1.974687931071918229e+03 1.267342363316756064e+03
4.583514853831267715e+02 3.158366237473959472e+02
1.006781543818207069e+03 1.200858616502870518e+03
1.676253541376677049e+03 1.034269487159165919e+03
1.548160375952252480e+03 3.226710772708294712e+02
2.209900550772667600e+02 3.726535421326433379e+02
1.914359475048036302e+03 1.266091469734620205e+03
6.454230670799831842e+02 1.997921641715296346e+02
2.838023938414171994e+02 1.140130584770627365e+03
5.811062895384609419e+02 1.400092203652628200e+02
5.791918378504642533e+02 1.985966808543350837e+01
1.251762970912445553e+03 1.086427476487938748e+03
4.123822447784635159e+01 2.533294748392007136e+02
2.818010786679784587e+02 1.021959375445389242e+03
2.827838281372128222e+02 1.195903913306432969e+03
4.448105336872681193e+01 1.080443722405222616e+03
9.453664318989980302e+02 3.207351800029048832e+02
1.612228463390570823e+03 7.367558513662222595e+02
5.234870056678483934e+02 9.626979490932772023e+02
6.437694127523781162e+02 3.170208261409800912e+02
1.908755437708097361e+03 8.936234674776052600e+01
1.043393273315703738e+02 9.064325503892068809e+02
1.126763376673892935e+03 1.027939214304889447e+03
1.612042957360769151e+03 1.031249666188788751e+03
4.631260427621058966e+02 7.891422360743414401e+02
4.499063930850803672e+01 3.168289021293066412e+02
1.620468004056725988e+02 9.621227762431764177e+02
1.977001437147973775e+03 1.326590485459078309e+03
4.494192484698793777e+01 1.256009382908467614e+03
9.424750906425186940e+02 5.541143580335136676e+02
1.912932816197741886e+03 3.848662482415307977e+02
1.490736471361773283e+03 3.242273675441845171e+02
1.187661791637429815e+03 7.926500618154209405e+02
4.621333516672697215e+02 1.374862320315799025e+02
8.826786179333795417e+02 8.417575228294427347e+01
8.264716965046009136e+02 6.124096870580801806e+02
4.612803089898663416e+02 6.698967849969816371e+02
4.623626233623259623e+02 6.080647660620250008e+02
4.576641292739760161e+02 7.700843769385200233e+01
3.961694555540643137e+01 4.914539341042604974e+02
5.231653928418833175e+02 6.126353405501803309e+02
1.973474246424548028e+03 9.300664346652374093e+01
1.549720224161180113e+03 1.457194644855596266e+02
7.663923973872704209e+02 2.020282880246926140e+02
4.682351524961448774e+01 5.492775689594767528e+02
4.045344447331766560e+02 1.962956270626081050e+02
5.237789763171821278e+02 1.962721372549398211e+02
2.811812753017137538e+02 4.942269188343076394e+02
7.639396666260689699e+02 4.333336900908008147e+02
1.429063578860108009e+03 2.052000524679406510e+02
4.079557535585837513e+01 4.285454450776353497e+02
1.553290124516364585e+03 1.499845767171390435e+03
8.928773609247949707e+02 1.435933066023520269e+03
1.429185557222350781e+03 3.817696740885021995e+02
8.820113369292348580e+02 3.778364148123503128e+02
1.850450271338203947e+03 8.797332960582397732e+01
1.616600532603929139e+02 5.483612117838072209e+02
2.184455448384758540e+02 4.332950797237676852e+02
1.428261236909590934e+03 1.443851454354290524e+02
2.036160239096478108e+03 5.012349405464547090e+02
1.609357578536752044e+03 1.451100933943900486e+02
1.738371835793788023e+03 9.136718386080076471e+02
2.034728525339105772e+03 3.869932915304515291e+02
2.243870143562739656e+02 1.375322982966509471e+03
3.981885699744358220e+01 1.926249064817302781e+02
9.961694793133941062e+01 4.322124174578174234e+02
1.013249645969484050e+02 4.900167239794773764e+02
1.071527571546748504e+03 3.202487314179881537e+02
4.250450449407333053e+01 1.139750182631651796e+03
4.317504097079679326e+01 1.021379090243372048e+03
1.791287627558174108e+03 3.244756866370439639e+02
2.033038597930153628e+03 2.897526839356578421e+01
2.034589003491471431e+03 1.269109715228678169e+03
1.488435577367747101e+03 2.054967375706602866e+02
2.037175302805623232e+03 5.648184595332453455e+02
1.059443552323268278e+02 1.316317523937352234e+03
1.259684664869027074e+03 1.735236651383522940e+03
1.431970643293990861e+03 6.764827821187608379e+02
1.636943691007605821e+02 1.966832388031821779e+02
7.611631413682292759e+02 2.570937930498921560e+02
1.008841254638117789e+03 2.613249973860930595e+02
1.003375112083546412e+02 5.516920278665903652e+02
1.020530142464035634e+02 8.451155377796166022e+02
1.609369655232292416e+03 2.055699631823806044e+02
5.291667992498413469e+02 5.566847920711096549e+02
7.635483474127886439e+02 5.511713391218977449e+02
1.007088805568071280e+03 1.026660602293054353e+03
1.853037078851933757e+03 1.144565157767408664e+03
2.263288710540523425e+02 1.432873024395884386e+03
5.183514119184762876e+02 7.843649729844179319e+01
4.601060956566550431e+02 3.749761245936769001e+02
9.448406582434039365e+02 4.943984759414329915e+02
3.444326714341469824e+02 9.627602718011559091e+02
5.790243299796226211e+02 1.981516074218844494e+02
2.031134970881306572e+03 2.087601740948113900e+02
1.794376664790386940e+03 6.173132475976551632e+02
1.973718092851577694e+03 5.619182168444575609e+02
1.547529432565869229e+03 2.050969782314211329e+02
1.366214608961747672e+03 2.032993946622591466e+02
2.035662218616294695e+03 7.378105996071333266e+02
2.035108598649659825e+03 1.207871133310763753e+03
1.976430336822002118e+03 5.030298101456463655e+02
6.472066314875635271e+02 4.354092138494413007e+02
1.365230902900591445e+03 2.303898743925612536e+01
8.844677392753785625e+02 1.418480348589280311e+02
5.245018808703864579e+02 1.201615310233982882e+03
1.609147969836255015e+03 3.227904633128062528e+02
5.197575447351598541e+02 1.873433986122536155e+01
7.618321496381249744e+02 1.406456989340655639e+02
2.032174254928641631e+03 2.659360445057099014e+02
1.004924899036750730e+03 1.431720104117433436e+02
5.836159923096560078e+02 9.053882280491824304e+02
7.048838684979170921e+02 3.759837170566062809e+02
1.063849558474917103e+03 1.417760843607456991e+02
4.055736072534816117e+02 1.197065296741137217e+03
1.028950612571120047e+02 6.077134935685959363e+02
5.812869997674034721e+02 8.005929686131193534e+01
4.561707949019800168e+01 1.314329395714974908e+03
3.958484287267457091e+01 9.008441443664655708e+02
5.254343352180253532e+02 4.961832633556070959e+02
1.854757329862079359e+03 4.427178420495362161e+02
2.813501410958439237e+02 9.614060151625878916e+02
3.986705771768209274e+02 4.945535839257884163e+02
6.417097906120432071e+02 1.382327368236295797e+02
1.970047849301968427e+03 1.493019130932308087e+02
4.406986599924692882e+01 1.376312482253697681e+03
1.312813882111116982e+03 4.427451729562485525e+02
4.012271536668266236e+01 1.367319053221169440e+02
9.853796517548140343e+01 1.953637138658842787e+02
7.029011437090039180e+02 4.372915618963228326e+02
1.185061681765914955e+03 2.018421506805225079e+02
5.231082404186437316e+02 3.178114358566578517e+02
7.650086915347897047e+02 4.975877814231959633e+02
8.221611805115121570e+02 6.730045827538178855e+02
2.030690885977555354e+03 9.077376878976436103e+01
1.970777530326083934e+03 2.992912655942568279e+01
5.185982883551861278e+02 3.778283293085428909e+02
5.784328148012202746e+02 4.358189664547197708e+02
1.005624950261647200e+03 4.970735779147598805e+02
1.555229347658668758e+03 2.677764191433755627e+02
1.795187752644576904e+03 4.441018430146737046e+02
1.971504932546220289e+03 2.063179065116865445e+02
1.848753945497265249e+03 2.726735904567478741e+01
1.915592477782358401e+03 5.633345986275112409e+02
4.050736797325561867e+01 9.610828319483545101e+02
