1197.000000 1676.000000 -0.463648 5.031153 4.500000 -2.250000 0.000000 0.000000
1856.000000 913.000000 -0.643501 5.000000 4.000000 -3.000000 0.000000 0.000000
1979.000000 1503.000000 0.000000 1.750000 1.750000 0.000000 0.000000 0.000000
1866.000000 1739.000000 -0.047583 5.255949 5.250000 -0.250000 0.000000 0.000000
1731.000000 1032.000000 -1.249046 0.790569 0.250000 -0.750000 0.000000 0.000000
835.000000 1793.000000 -0.531724 4.930771 4.250000 -2.500000 0.000000 0.000000
1743.000000 1858.000000 0.291457 2.610077 2.500000 0.750000 0.000000 0.000000
1676.000000 1441.000000 -0.558599 4.716991 4.000000 -2.500000 0.000000 0.000000
1375.000000 1556.000000 -1.428899 1.767767 0.250000 -1.750000 0.000000 0.000000
346.000000 1434.000000 0.321751 0.790569 0.750000 0.250000 0.000000 0.000000
1855.000000 1090.000000 0.135528 5.550901 5.500000 0.750000 0.000000 0.000000
775.000000 1792.000000 -0.558599 4.716991 4.000000 -2.500000 0.000000 0.000000
287.000000 1492.000000 -0.588003 0.901388 0.750000 -0.500000 0.000000 0.000000
1859.000000 1500.000000 -0.635027 5.900212 4.750000 -3.500000 0.000000 0.000000
291.000000 1850.000000 -0.493941 3.691206 3.250000 -1.750000 0.000000 0.000000
1258.000000 1912.000000 -1.279340 2.610077 0.750000 -2.500000 0.000000 0.000000
591.000000 1731.000000 -1.051650 4.031129 2.000000 -3.500000 0.000000 0.000000
1073.000000 1557.000000 -0.628796 3.400368 2.750000 -2.000000 0.000000 0.000000
287.000000 1553.000000 -0.620249 2.150581 1.750000 -1.250000 0.000000 0.000000
1310.000000 852.000000 0.235545 6.427480 6.250000 1.500000 0.000000 0.000000
772.000000 1493.000000 -0.876058 3.905125 2.500000 -3.000000 0.000000 0.000000
1498.000000 1797.000000 -0.785398 0.353553 0.250000 -0.250000 0.000000 0.000000
1196.000000 1855.000000 -0.558599 2.358495 2.000000 -1.250000 0.000000 0.000000
824.000000 1026.000000 -0.915101 4.100305 2.500000 -3.250000 0.000000 0.000000
1982.000000 1741.000000 -0.380506 2.692582 2.500000 -1.000000 0.000000 0.000000
1502.000000 1913.000000 -0.804264 9.370832 6.500000 -6.750000 0.000000 0.000000
831.000000 1494.000000 -0.785398 5.303301 3.750000 -3.750000 0.000000 0.000000
895.000000 1733.000000 -0.674741 4.802343 3.750000 -3.000000 0.000000 0.000000
230.000000 1552.000000 0.165149 3.041381 3.000000 0.500000 0.000000 0.000000
414.000000 1673.000000 -0.124355 6.046693 6.000000 -0.750000 0.000000 0.000000
293.000000 1730.000000 -0.358771 4.272002 4.000000 -1.500000 0.000000 0.000000
1793.000000 1267.000000 -0.141897 1.767767 1.750000 -0.250000 0.000000 0.000000
774.000000 1853.000000 -0.367174 3.482097 3.250000 -1.250000 0.000000 0.000000
1138.000000 1735.000000 -0.499347 6.264982 5.500000 -3.000000 0.000000 0.000000
226.000000 1315.000000 -0.124355 2.015564 2.000000 -0.250000 0.000000 0.000000
1139.000000 1974.000000 -0.554307 6.174545 5.250000 -3.250000 0.000000 0.000000
408.000000 1494.000000 -0.394791 3.250000 3.000000 -1.250000 0.000000 0.000000
1441.000000 1974.000000 -0.761013 7.250000 5.250000 -5.000000 0.000000 0.000000
351.000000 1850.000000 1.570796 0.750000 0.000000 0.750000 0.000000 0.000000
946.000000 1027.000000 0.404892 3.807887 3.500000 1.500000 0.000000 0.000000
1918.000000 1501.000000 -0.785398 4.949747 3.500000 -3.500000 0.000000 0.000000
828.000000 1261.000000 -0.404892 5.711830 5.250000 -2.250000 0.000000 0.000000
1076.000000 1974.000000 -1.051650 2.015564 1.000000 -1.750000 0.000000 0.000000
534.000000 1731.000000 -0.124355 2.015564 2.000000 -0.250000 0.000000 0.000000
533.000000 1790.000000 -0.856706 4.962358 3.250000 -3.750000 0.000000 0.000000
1794.000000 797.000000 0.244979 5.153882 5.000000 1.250000 0.000000 0.000000
352.000000 1672.000000 0.358771 2.136001 2.000000 0.750000 0.000000 0.000000
714.000000 1675.000000 -0.058756 4.257347 4.250000 -0.250000 0.000000 0.000000
173.000000 1970.000000 -0.436627 4.138236 3.750000 -1.750000 0.000000 0.000000
1860.000000 1559.000000 -0.699893 6.209871 4.750000 -4.000000 0.000000 0.000000
529.000000 1492.000000 -0.674741 1.600781 1.250000 -1.000000 0.000000 0.000000
885.000000 791.000000 -1.222025 2.926175 1.000000 -2.750000 0.000000 0.000000
474.000000 1912.000000 -0.244979 4.123106 4.000000 -1.000000 0.000000 0.000000
231.000000 1789.000000 -0.896055 3.201562 2.000000 -2.500000 0.000000 0.000000
1624.000000 1977.000000 0.197396 3.824265 3.750000 0.750000 0.000000 0.000000
1258.000000 1674.000000 -0.785398 2.828427 2.000000 -2.000000 0.000000 0.000000
169.000000 1553.000000 0.463648 2.795085 2.500000 1.250000 0.000000 0.000000
1613.000000 560.000000 0.159913 7.850159 7.750000 1.250000 0.000000 0.000000
171.000000 1849.000000 -0.643501 1.250000 1.000000 -0.750000 0.000000 0.000000
1622.000000 1738.000000 -0.422854 5.482928 5.000000 -2.250000 0.000000 0.000000
1618.000000 1797.000000 -0.888480 5.153882 3.250000 -4.000000 0.000000 0.000000
1739.000000 1502.000000 0.685730 3.553168 2.750000 2.250000 0.000000 0.000000
1743.000000 1978.000000 -0.463648 4.472136 4.000000 -2.000000 0.000000 0.000000
414.000000 1972.000000 -0.226799 3.335416 3.250000 -0.750000 0.000000 0.000000
524.000000 1081.000000 -0.815692 5.836309 4.000000 -4.250000 0.000000 0.000000
954.000000 1615.000000 -0.643501 5.000000 4.000000 -3.000000 0.000000 0.000000
472.000000 1614.000000 -0.321751 5.533986 5.250000 -1.750000 0.000000 0.000000
1126.000000 616.000000 0.531724 4.930771 4.250000 2.500000 0.000000 0.000000
712.000000 1553.000000 -0.643501 2.500000 2.000000 -1.500000 0.000000 0.000000
1919.000000 1443.000000 -0.499347 6.264982 5.500000 -3.000000 0.000000 0.000000
1259.000000 1855.000000 -0.352990 5.062114 4.750000 -1.750000 0.000000 0.000000
1924.000000 1979.000000 -0.412410 4.366062 4.000000 -1.750000 0.000000 0.000000
1925.000000 1680.000000 -0.049958 5.006246 5.000000 -0.250000 0.000000 0.000000
1015.000000 1617.000000 -0.185348 4.069705 4.000000 -0.750000 0.000000 0.000000
1921.000000 1859.000000 -0.463648 0.559017 0.500000 -0.250000 0.000000 0.000000
1187.000000 732.000000 0.047583 5.255949 5.250000 0.250000 0.000000 0.000000
1199.000000 1914.000000 -0.563316 5.618051 4.750000 -3.000000 0.000000 0.000000
893.000000 1675.000000 -0.507099 2.573908 2.250000 -1.250000 0.000000 0.000000
1380.000000 1975.000000 -0.643501 5.000000 4.000000 -3.000000 0.000000 0.000000
589.000000 1435.000000 0.404892 1.903943 1.750000 0.750000 0.000000 0.000000
1922.000000 1799.000000 -0.745419 4.422952 3.250000 -3.000000 0.000000 0.000000
1800.000000 1619.000000 -0.756835 6.189709 4.500000 -4.250000 0.000000 0.000000
1492.000000 1203.000000 -0.726642 3.010399 2.250000 -2.000000 0.000000 0.000000
1433.000000 1263.000000 -0.380506 2.692582 2.500000 -1.000000 0.000000 0.000000
589.000000 1492.000000 -0.847817 5.667892 3.750000 -4.250000 0.000000 0.000000
595.000000 1972.000000 -0.343024 3.716517 3.500000 -1.250000 0.000000 0.000000
715.000000 1792.000000 0.588003 0.901388 0.750000 0.500000 0.000000 0.000000
710.000000 1614.000000 -0.960070 3.051639 1.750000 -2.500000 0.000000 0.000000
1740.000000 1917.000000 -1.144169 3.020761 1.250000 -2.750000 0.000000 0.000000
775.000000 1910.000000 -1.165905 1.903943 0.750000 -1.750000 0.000000 0.000000
1617.000000 1558.000000 -0.862170 2.304886 1.500000 -1.750000 0.000000 0.000000
1019.000000 1911.000000 -0.652847 5.350234 4.250000 -3.250000 0.000000 0.000000
595.000000 1910.000000 -0.197396 1.274755 1.250000 -0.250000 0.000000 0.000000
710.000000 1378.000000 -0.398522 5.153882 4.750000 -2.000000 0.000000 0.000000
958.000000 1970.000000 -0.909753 5.700877 3.500000 -4.500000 0.000000 0.000000
595.000000 1673.000000 0.278300 3.640055 3.500000 1.000000 0.000000 0.000000
233.000000 1729.000000 -0.348771 2.926175 2.750000 -1.000000 0.000000 0.000000
833.000000 1555.000000 -0.358771 4.272002 4.000000 -1.500000 0.000000 0.000000
1862.000000 1861.000000 -0.066568 3.758324 3.750000 -0.250000 0.000000 0.000000
472.000000 1850.000000 -1.019141 3.816084 2.000000 -3.250000 0.000000 0.000000
1134.000000 1558.000000 0.785398 1.060660 0.750000 0.750000 0.000000 0.000000
591.000000 1612.000000 -1.107149 0.559017 0.250000 -0.500000 0.000000 0.000000
280.000000 316.000000 0.244979 5.153882 5.000000 1.250000 0.000000 0.000000
585.000000 851.000000 0.577902 6.864765 5.750000 3.750000 0.000000 0.000000
838.000000 1911.000000 -0.298499 3.400368 3.250000 -1.000000 0.000000 0.000000
1370.000000 969.000000 -0.207496 4.854122 4.750000 -1.000000 0.000000 0.000000
412.000000 1910.000000 -0.885067 3.553168 2.250000 -2.750000 0.000000 0.000000
1803.000000 1920.000000 -0.231091 4.366062 4.250000 -1.000000 0.000000 0.000000
655.000000 1853.000000 1.071450 3.132491 1.500000 2.750000 0.000000 0.000000
352.000000 1611.000000 -0.197396 2.549510 2.500000 -0.500000 0.000000 0.000000
1621.000000 1857.000000 -0.390607 4.596194 4.250000 -1.750000 0.000000 0.000000
1380.000000 1915.000000 0.000000 1.250000 1.250000 0.000000 0.000000 0.000000
1801.000000 1560.000000 -0.432408 7.158911 6.500000 -3.000000 0.000000 0.000000
1075.000000 1735.000000 -0.785398 3.535534 2.500000 -2.500000 0.000000 0.000000
1734.000000 1267.000000 0.785398 2.121320 1.500000 1.500000 0.000000 0.000000
412.000000 1732.000000 -0.367174 3.482097 3.250000 -1.250000 0.000000 0.000000
652.000000 1673.000000 -0.655696 4.100305 3.250000 -2.500000 0.000000 0.000000
716.000000 1911.000000 -0.600050 5.755432 4.750000 -3.250000 0.000000 0.000000
1741.000000 1619.000000 -0.514451 6.604922 5.750000 -3.250000 0.000000 0.000000
349.000000 1552.000000 -0.694738 3.905125 3.000000 -2.500000 0.000000 0.000000
1619.000000 1501.000000 -0.197396 6.373774 6.250000 -1.250000 0.000000 0.000000
1740.000000 1678.000000 -0.876058 5.857687 3.750000 -4.500000 0.000000 0.000000
1920.000000 1739.000000 -1.203622 3.482097 1.250000 -3.250000 0.000000 0.000000
1494.000000 1439.000000 -1.107149 1.677051 0.750000 -1.500000 0.000000 0.000000
1860.000000 1622.000000 0.244979 2.061553 2.000000 0.500000 0.000000 0.000000
1979.000000 1385.000000 -0.496423 6.823672 6.000000 -3.250000 0.000000 0.000000
1312.000000 1381.000000 1.107149 1.118034 0.500000 1.000000 0.000000 0.000000
1608.000000 381.000000 -0.226799 3.335416 3.250000 -0.750000 0.000000 0.000000
946.000000 851.000000 -1.012197 2.358495 1.250000 -2.000000 0.000000 0.000000
887.000000 1143.000000 0.000000 2.750000 2.750000 0.000000 0.000000 0.000000
1375.000000 1500.000000 -0.197396 5.099020 5.000000 -1.000000 0.000000 0.000000
474.000000 1791.000000 0.000000 1.250000 1.250000 0.000000 0.000000 0.000000
896.000000 1912.000000 -0.819867 5.129571 3.500000 -3.750000 0.000000 0.000000
835.000000 1674.000000 0.519146 2.015564 1.750000 1.000000 0.000000 0.000000
1493.000000 676.000000 0.034469 7.254309 7.250000 0.250000 0.000000 0.000000
1803.000000 1799.000000 0.197396 2.549510 2.500000 0.500000 0.000000 0.000000
532.000000 1672.000000 0.463648 0.559017 0.500000 0.250000 0.000000 0.000000
592.000000 1850.000000 3.141593 1.250000 -1.250000 0.000000 0.000000 0.000000
593.000000 1793.000000 -0.211093 3.579455 3.500000 -0.750000 0.000000 0.000000
1016.000000 1674.000000 -0.540420 1.457738 1.250000 -0.750000 0.000000 0.000000
1317.000000 1616.000000 -0.278300 1.820027 1.750000 -0.500000 0.000000 0.000000
887.000000 1261.000000 -0.463648 3.913119 3.500000 -1.750000 0.000000 0.000000
1552.000000 1266.000000 -0.321751 3.162278 3.000000 -1.000000 0.000000 0.000000
1018.000000 1854.000000 -0.308053 5.771698 5.500000 -1.750000 0.000000 0.000000
1676.000000 1498.000000 -1.249046 2.371708 0.750000 -2.250000 0.000000 0.000000
1310.000000 1086.000000 -0.446106 6.373774 5.750000 -2.750000 0.000000 0.000000
1251.000000 1322.000000 -0.321751 3.952847 3.750000 -1.250000 0.000000 0.000000
884.000000 969.000000 0.694738 3.905125 3.000000 2.500000 0.000000 0.000000
1010.000000 1321.000000 -0.390607 4.596194 4.250000 -1.750000 0.000000 0.000000
1379.000000 1794.000000 -0.732815 3.363406 2.500000 -2.250000 0.000000 0.000000
1675.000000 1382.000000 -0.665969 4.451123 3.500000 -2.750000 0.000000 0.000000
535.000000 1971.000000 0.463648 1.118034 1.000000 0.500000 0.000000 0.000000
1733.000000 1206.000000 -0.418224 2.462214 2.250000 -1.000000 0.000000 0.000000
1434.000000 1443.000000 0.174672 4.315669 4.250000 0.750000 0.000000 0.000000
1983.000000 1798.000000 -0.628796 3.400368 2.750000 -2.000000 0.000000 0.000000
1866.000000 1978.000000 -0.321751 4.743416 4.500000 -1.500000 0.000000 0.000000
1985.000000 1980.000000 -0.336675 5.297405 5.000000 -1.750000 0.000000 0.000000
709.000000 1436.000000 -0.632749 4.650269 3.750000 -2.750000 0.000000 0.000000
534.000000 1909.000000 -1.107149 1.677051 0.750000 -1.500000 0.000000 0.000000
1307.000000 614.000000 -1.405648 4.562072 0.750000 -4.500000 0.000000 0.000000
1861.000000 1679.000000 0.785398 0.353553 0.250000 0.250000 0.000000 0.000000
352.000000 1732.000000 -0.352990 5.062114 4.750000 -1.750000 0.000000 0.000000
644.000000 1025.000000 -0.071307 3.508917 3.500000 -0.250000 0.000000 0.000000
650.000000 1435.000000 -0.463648 5.590170 5.000000 -2.500000 0.000000 0.000000
1379.000000 1737.000000 -0.439843 4.697074 4.250000 -2.000000 0.000000 0.000000
161.000000 612.000000 0.321751 1.581139 1.500000 0.500000 0.000000 0.000000
408.000000 1434.000000 -0.540420 5.830952 5.000000 -3.000000 0.000000 0.000000
410.000000 1614.000000 0.896055 1.600781 1.000000 1.250000 0.000000 0.000000
657.000000 1972.000000 -0.278300 5.460082 5.250000 -1.500000 0.000000 0.000000
1983.000000 1622.000000 -0.055499 4.506939 4.500000 -0.250000 0.000000 0.000000
1366.000000 262.000000 -1.471128 2.512469 0.250000 -2.500000 0.000000 0.000000
466.000000 1376.000000 -0.605545 3.952847 3.250000 -2.250000 0.000000 0.000000
168.000000 1611.000000 -0.785398 0.707107 0.500000 -0.500000 0.000000 0.000000
1319.000000 1678.000000 0.785398 3.181981 2.250000 2.250000 0.000000 0.000000
1197.000000 1733.000000 -1.071450 3.132491 1.500000 -2.750000 0.000000 0.000000
1187.000000 497.000000 -0.832981 3.716517 2.500000 -2.750000 0.000000 0.000000
895.000000 1615.000000 0.291457 2.610077 2.500000 0.750000 0.000000 0.000000
412.000000 1850.000000 3.141593 0.250000 -0.250000 0.000000 0.000000 0.000000
107.000000 1551.000000 -0.885067 3.553168 2.250000 -2.750000 0.000000 0.000000
1065.000000 437.000000 -1.063698 2.573908 1.250000 -2.250000 0.000000 0.000000
765.000000 1141.000000 -0.785398 5.303301 3.750000 -3.750000 0.000000 0.000000
1065.000000 378.000000 -0.837981 3.363406 2.250000 -2.500000 0.000000 0.000000
1313.000000 1498.000000 -0.694738 3.905125 3.000000 -2.500000 0.000000 0.000000
958.000000 1792.000000 -0.343024 3.716517 3.500000 -1.250000 0.000000 0.000000
112.000000 1730.000000 -0.370891 4.828302 4.500000 -1.750000 0.000000 0.000000
531.000000 1614.000000 -0.343024 3.716517 3.500000 -1.250000 0.000000 0.000000
1914.000000 797.000000 -1.012197 2.358495 1.250000 -2.000000 0.000000 0.000000
589.000000 1316.000000 -0.643501 7.500000 6.000000 -4.500000 0.000000 0.000000
775.000000 1616.000000 -0.043451 5.755432 5.750000 -0.250000 0.000000 0.000000
716.000000 1852.000000 -0.363979 5.618051 5.250000 -2.000000 0.000000 0.000000
1856.000000 1267.000000 -0.291457 5.220153 5.000000 -1.500000 0.000000 0.000000
231.000000 1852.000000 -0.211093 3.579455 3.500000 -0.750000 0.000000 0.000000
1792.000000 561.000000 0.218669 4.609772 4.500000 1.000000 0.000000 0.000000
1192.000000 1380.000000 -0.512389 4.589390 4.000000 -2.250000 0.000000 0.000000
1674.000000 795.000000 -0.665969 4.451123 3.500000 -2.750000 0.000000 0.000000
709.000000 1493.000000 -1.460139 2.263846 0.250000 -2.250000 0.000000 0.000000
1069.000000 1322.000000 -0.367174 3.482097 3.250000 -1.250000 0.000000 0.000000
1318.000000 1796.000000 -0.524796 5.488625 4.750000 -2.750000 0.000000 0.000000
463.000000 1082.000000 0.000000 0.500000 0.500000 0.000000 0.000000 0.000000
960.000000 1913.000000 -0.424194 8.503676 7.750000 -3.500000 0.000000 0.000000
1741.000000 1740.000000 -0.266252 2.850439 2.750000 -0.750000 0.000000 0.000000
1311.000000 912.000000 0.321751 6.324555 6.000000 2.000000 0.000000 0.000000
1072.000000 1497.000000 -0.643501 3.750000 3.000000 -2.250000 0.000000 0.000000
650.000000 1553.000000 -1.249046 0.790569 0.250000 -0.750000 0.000000 0.000000
1249.000000 1028.000000 -0.174672 4.315669 4.250000 -0.750000 0.000000 0.000000
653.000000 1615.000000 0.661043 2.850439 2.250000 1.750000 0.000000 0.000000
1916.000000 1091.000000 0.086738 5.771698 5.750000 0.500000 0.000000 0.000000
232.000000 1970.000000 1.768192 1.274755 -0.250000 1.250000 0.000000 0.000000
466.000000 1435.000000 -0.610726 3.051639 2.500000 -1.750000 0.000000 0.000000
883.000000 1028.000000 0.927295 1.250000 0.750000 1.000000 0.000000 0.000000
582.000000 553.000000 -1.152572 2.462214 1.000000 -2.250000 0.000000 0.000000
1801.000000 1681.000000 -0.090660 2.761340 2.750000 -0.250000 0.000000 0.000000
1983.000000 1858.000000 -0.380506 2.692582 2.500000 -1.000000 0.000000 0.000000
884.000000 554.000000 -1.144169 3.020761 1.250000 -2.750000 0.000000 0.000000
1019.000000 1733.000000 -0.380506 4.038874 3.750000 -1.500000 0.000000 0.000000
952.000000 1438.000000 -0.179853 5.590170 5.500000 -1.000000 0.000000 0.000000
1670.000000 265.000000 -0.244979 3.092329 3.000000 -0.750000 0.000000 0.000000
1738.000000 1560.000000 -0.266252 2.850439 2.750000 -0.750000 0.000000 0.000000
1980.000000 1561.000000 -0.358771 2.136001 2.000000 -0.750000 0.000000 0.000000
759.000000 80.000000 -1.768192 2.549510 -0.500000 -2.500000 0.000000 0.000000
951.000000 1495.000000 -0.785398 0.707107 0.500000 -0.500000 0.000000 0.000000
956.000000 1556.000000 0.055499 4.506939 4.500000 0.250000 0.000000 0.000000
893.000000 1553.000000 -0.785398 2.121320 1.500000 -1.500000 0.000000 0.000000
1246.000000 617.000000 -1.570796 1.500000 0.000000 -1.500000 0.000000 0.000000
1669.000000 381.000000 -0.226799 3.335416 3.250000 -0.750000 0.000000 0.000000
1736.000000 1439.000000 -1.071450 3.132491 1.500000 -2.750000 0.000000 0.000000
1435.000000 1494.000000 -1.284745 4.430011 1.250000 -4.250000 0.000000 0.000000
222.000000 492.000000 0.094952 5.273756 5.250000 0.500000 0.000000 0.000000
1190.000000 1440.000000 -0.558599 2.358495 2.000000 -1.250000 0.000000 0.000000
1133.000000 1379.000000 -0.244979 3.092329 3.000000 -0.750000 0.000000 0.000000
115.000000 1969.000000 -0.295441 6.010408 5.750000 -1.750000 0.000000 0.000000
1672.000000 676.000000 -0.305879 4.981215 4.750000 -1.500000 0.000000 0.000000
1613.000000 853.000000 -0.055499 4.506939 4.500000 -0.250000 0.000000 0.000000
1795.000000 972.000000 0.041643 6.005206 6.000000 0.250000 0.000000 0.000000
824.000000 1084.000000 -0.828849 4.069705 2.750000 -3.000000 0.000000 0.000000
1612.000000 1147.000000 0.124355 4.031129 4.000000 0.500000 0.000000 0.000000
1975.000000 443.000000 0.229232 7.701461 7.500000 1.750000 0.000000 0.000000
899.000000 1974.000000 -0.332059 7.668931 7.250000 -2.500000 0.000000 0.000000
220.000000 551.000000 0.071307 3.508917 3.500000 0.250000 0.000000 0.000000
349.000000 1494.000000 -0.305879 4.981215 4.750000 -1.500000 0.000000 0.000000
167.000000 1491.000000 -0.682317 5.153882 4.000000 -3.250000 0.000000 0.000000
946.000000 911.000000 -0.321751 1.581139 1.500000 -0.500000 0.000000 0.000000
402.000000 787.000000 -1.373401 3.824265 0.750000 -3.750000 0.000000 0.000000
1559.000000 1856.000000 -0.817645 5.482928 3.750000 -4.000000 0.000000 0.000000
1558.000000 1560.000000 -0.363979 5.618051 5.250000 -2.000000 0.000000 0.000000
1013.000000 1496.000000 -0.124355 2.015564 2.000000 -0.250000 0.000000 0.000000
1127.000000 673.000000 0.094952 5.273756 5.250000 0.500000 0.000000 0.000000
945.000000 792.000000 0.211093 3.579455 3.500000 0.750000 0.000000 0.000000
1013.000000 1556.000000 -0.620249 4.301163 3.500000 -2.500000 0.000000 0.000000
1430.000000 1207.000000 0.071307 3.508917 3.500000 0.250000 0.000000 0.000000
232.000000 1911.000000 -0.152649 3.288237 3.250000 -0.500000 0.000000 0.000000
413.000000 1790.000000 -0.540420 1.457738 1.250000 -0.750000 0.000000 0.000000
1793.000000 1090.000000 -0.211093 3.579455 3.500000 -0.750000 0.000000 0.000000
1496.000000 1559.000000 -0.588003 3.605551 3.000000 -2.000000 0.000000 0.000000
884.000000 732.000000 -0.071307 3.508917 3.500000 -0.250000 0.000000 0.000000
1490.000000 969.000000 -0.165149 4.562072 4.500000 -0.750000 0.000000 0.000000
354.000000 1910.000000 0.124355 2.015564 2.000000 0.250000 0.000000 0.000000
1371.000000 1088.000000 0.185348 4.069705 4.000000 0.750000 0.000000 0.000000
1672.000000 1148.000000 -0.255182 5.942432 5.750000 -1.500000 0.000000 0.000000
1487.000000 501.000000 0.566729 3.259601 2.750000 1.750000 0.000000 0.000000
1800.000000 1858.000000 -0.982794 2.704163 1.500000 -2.250000 0.000000 0.000000
1371.000000 560.000000 0.332059 7.668931 7.250000 2.500000 0.000000 0.000000
1801.000000 1738.000000 -1.107149 0.559017 0.250000 -0.500000 0.000000 0.000000
1736.000000 1385.000000 -0.110657 4.527693 4.500000 -0.500000 0.000000 0.000000
1019.000000 1973.000000 -0.197396 2.549510 2.500000 -0.500000 0.000000 0.000000
1315.000000 1737.000000 -1.249046 1.581139 0.500000 -1.500000 0.000000 0.000000
474.000000 1970.000000 -0.785398 0.353553 0.250000 -0.250000 0.000000 0.000000
229.000000 1612.000000 -0.394791 3.250000 3.000000 -1.250000 0.000000 0.000000
1438.000000 1797.000000 2.034444 2.236068 -1.000000 2.000000 0.000000 0.000000
1249.000000 1203.000000 -0.785398 1.060660 0.750000 -0.750000 0.000000 0.000000
709.000000 1319.000000 0.218669 2.304886 2.250000 0.500000 0.000000 0.000000
1740.000000 1797.000000 -2.034444 1.118034 -0.500000 -1.000000 0.000000 0.000000
1307.000000 261.000000 0.000000 4.750000 4.750000 0.000000 0.000000 0.000000
1669.000000 89.000000 0.637549 8.400149 6.750000 5.000000 0.000000 0.000000
112.000000 1909.000000 0.463648 1.677051 1.500000 0.750000 0.000000 0.000000
1074.000000 1616.000000 0.000000 0.250000 0.250000 0.000000 0.000000 0.000000
1495.000000 1265.000000 0.197396 3.824265 3.750000 0.750000 0.000000 0.000000
835.000000 1733.000000 -0.540420 4.373214 3.750000 -2.250000 0.000000 0.000000
1247.000000 557.000000 -0.862170 2.304886 1.500000 -1.750000 0.000000 0.000000
836.000000 1973.000000 -0.571337 4.160829 3.500000 -2.250000 0.000000 0.000000
705.000000 909.000000 -0.463648 2.236068 2.000000 -1.000000 0.000000 0.000000
1439.000000 1559.000000 0.343024 3.716517 3.500000 1.250000 0.000000 0.000000
1377.000000 1856.000000 2.231839 2.850439 -1.750000 2.250000 0.000000 0.000000
1137.000000 1914.000000 -0.643501 3.750000 3.000000 -2.250000 0.000000 0.000000
1679.000000 1857.000000 2.819842 0.790569 -0.750000 0.250000 0.000000 0.000000
1006.000000 792.000000 0.058756 4.257347 4.250000 0.250000 0.000000 0.000000
1078.000000 1676.000000 0.211093 3.579455 3.500000 0.750000 0.000000 0.000000
293.000000 1910.000000 0.588003 1.802776 1.500000 1.000000 0.000000 0.000000
1079.000000 1914.000000 0.152649 3.288237 3.250000 0.500000 0.000000 0.000000
1440.000000 1735.000000 -0.732815 3.363406 2.500000 -2.250000 0.000000 0.000000
1248.000000 792.000000 0.124355 6.046693 6.000000 0.750000 0.000000 0.000000
1981.000000 1681.000000 -0.785398 2.474874 1.750000 -1.750000 0.000000 0.000000
345.000000 1258.000000 -0.442374 5.255949 4.750000 -2.250000 0.000000 0.000000
1316.000000 1560.000000 0.052583 4.756574 4.750000 0.250000 0.000000 0.000000
1855.000000 1325.000000 -0.643501 1.250000 1.000000 -0.750000 0.000000 0.000000
1490.000000 1147.000000 -0.394791 3.250000 3.000000 -1.250000 0.000000 0.000000
1856.000000 798.000000 0.283794 6.250000 6.000000 1.750000 0.000000 0.000000
397.000000 79.000000 -1.768192 2.549510 -0.500000 -2.500000 0.000000 0.000000
774.000000 1673.000000 0.588003 0.901388 0.750000 0.500000 0.000000 0.000000
1611.000000 795.000000 0.066568 3.758324 3.750000 0.250000 0.000000 0.000000
1554.000000 1381.000000 -0.785398 2.474874 1.750000 -1.750000 0.000000 0.000000
1189.000000 1204.000000 -0.486899 4.808846 4.250000 -2.250000 0.000000 0.000000
105.000000 1493.000000 -0.620249 2.150581 1.750000 -1.250000 0.000000 0.000000
1498.000000 1499.000000 0.076772 3.259601 3.250000 0.250000 0.000000 0.000000
1920.000000 1561.000000 -0.298499 3.400368 3.250000 -1.000000 0.000000 0.000000
766.000000 1201.000000 0.000000 1.750000 1.750000 0.000000 0.000000 0.000000
1316.000000 1855.000000 3.141593 0.750000 -0.750000 0.000000 0.000000 0.000000
110.000000 1669.000000 -1.292497 1.820027 0.500000 -1.750000 0.000000 0.000000
1854.000000 972.000000 -0.844154 3.010399 2.000000 -2.250000 0.000000 0.000000
1126.000000 792.000000 -1.642104 3.508917 -0.250000 -3.500000 0.000000 0.000000
292.000000 1671.000000 0.404892 1.903943 1.750000 0.750000 0.000000 0.000000
776.000000 1732.000000 0.141897 1.767767 1.750000 0.250000 0.000000 0.000000
1432.000000 734.000000 -0.714091 4.962358 3.750000 -3.250000 0.000000 0.000000
1369.000000 500.000000 -0.558599 2.358495 2.000000 -1.250000 0.000000 0.000000
1734.000000 621.000000 0.132552 3.783186 3.750000 0.500000 0.000000 0.000000
1066.000000 734.000000 -0.950547 2.150581 1.250000 -1.750000 0.000000 0.000000
1499.000000 1738.000000 1.712693 1.767767 -0.250000 1.750000 0.000000 0.000000
532.000000 1853.000000 -0.124355 2.015564 2.000000 -0.250000 0.000000 0.000000
1127.000000 321.000000 0.124355 6.046693 6.000000 0.750000 0.000000 0.000000
702.000000 791.000000 0.367174 3.482097 3.250000 1.250000 0.000000 0.000000
461.000000 965.000000 -0.348771 2.926175 2.750000 -1.000000 0.000000 0.000000
291.000000 1792.000000 -0.270947 4.670385 4.500000 -1.250000 0.000000 0.000000
353.000000 1969.000000 -0.904827 4.451123 2.750000 -3.500000 0.000000 0.000000
171.000000 1791.000000 1.107149 1.677051 0.750000 1.500000 0.000000 0.000000
950.000000 1379.000000 -0.439843 4.697074 4.250000 -2.000000 0.000000 0.000000
1916.000000 972.000000 -0.737815 3.716517 2.750000 -2.500000 0.000000 0.000000
1312.000000 1323.000000 -0.218669 4.609772 4.500000 -1.000000 0.000000 0.000000
471.000000 1553.000000 -0.083141 3.010399 3.000000 -0.250000 0.000000 0.000000
1612.000000 911.000000 -1.203622 3.482097 1.250000 -3.250000 0.000000 0.000000
585.000000 730.000000 -0.785398 3.889087 2.750000 -2.750000 0.000000 0.000000
1318.000000 1916.000000 1.997424 3.020761 -1.250000 2.750000 0.000000 0.000000
1128.000000 969.000000 0.124355 4.031129 4.000000 0.500000 0.000000 0.000000
825.000000 1201.000000 -0.785398 1.414214 1.000000 -1.000000 0.000000 0.000000
645.000000 731.000000 0.141897 5.303301 5.250000 0.750000 0.000000 0.000000
1066.000000 1086.000000 -0.348771 2.926175 2.750000 -1.000000 0.000000 0.000000
1975.000000 795.000000 -1.063698 5.147815 2.500000 -4.500000 0.000000 0.000000
526.000000 1376.000000 -0.785398 3.889087 2.750000 -2.750000 0.000000 0.000000
1611.000000 618.000000 0.104877 4.776243 4.750000 0.500000 0.000000 0.000000
1129.000000 1264.000000 -0.286051 4.430011 4.250000 -1.250000 0.000000 0.000000
285.000000 905.000000 -0.110657 6.791539 6.750000 -0.750000 0.000000 0.000000
1920.000000 1620.000000 0.000000 0.250000 0.250000 0.000000 0.000000 0.000000
1379.000000 1619.000000 0.685730 3.553168 2.750000 2.250000 0.000000 0.000000
1011.000000 1437.000000 0.000000 1.000000 1.000000 0.000000 0.000000 0.000000
528.000000 1433.000000 -0.540420 1.457738 1.250000 -0.750000 0.000000 0.000000
1552.000000 678.000000 -0.266252 2.850439 2.750000 -0.750000 0.000000 0.000000
1318.000000 1974.000000 -1.570796 0.500000 0.000000 -0.500000 0.000000 0.000000
1731.000000 385.000000 0.244979 2.061553 2.000000 0.500000 0.000000 0.000000
1188.000000 1144.000000 -0.748378 4.776243 3.500000 -3.250000 0.000000 0.000000
1067.000000 262.000000 0.309703 6.562202 6.250000 2.000000 0.000000 0.000000
1561.000000 1679.000000 1.279340 2.610077 0.750000 2.500000 0.000000 0.000000
283.000000 1081.000000 -0.652847 5.350234 4.250000 -3.250000 0.000000 0.000000
220.000000 314.000000 -0.099669 5.024938 5.000000 -0.500000 0.000000 0.000000
828.000000 1320.000000 -0.380506 4.038874 3.750000 -1.500000 0.000000 0.000000
351.000000 1792.000000 -0.211093 3.579455 3.500000 -0.750000 0.000000 0.000000
472.000000 1730.000000 -1.570796 1.000000 0.000000 -1.000000 0.000000 0.000000
171.000000 1727.000000 -1.030377 4.373214 2.250000 -3.750000 0.000000 0.000000
763.000000 967.000000 -1.570796 1.500000 0.000000 -1.500000 0.000000 0.000000
1552.000000 618.000000 -0.588003 3.605551 3.000000 -2.000000 0.000000 0.000000
1492.000000 914.000000 0.257324 4.911721 4.750000 1.250000 0.000000 0.000000
1014.000000 1794.000000 -0.982794 2.704163 1.500000 -2.250000 0.000000 0.000000
948.000000 1086.000000 0.066568 3.758324 3.750000 0.250000 0.000000 0.000000
98.000000 672.000000 1.325818 4.123106 1.000000 4.000000 0.000000 0.000000
586.000000 1200.000000 0.404892 1.903943 1.750000 0.750000 0.000000 0.000000
164.000000 787.000000 -0.336675 5.297405 5.000000 -1.750000 0.000000 0.000000
895.000000 1793.000000 -0.244979 1.030776 1.000000 -0.250000 0.000000 0.000000
1257.000000 1620.000000 0.197396 5.099020 5.000000 1.000000 0.000000 0.000000
1611.000000 503.000000 0.000000 2.000000 2.000000 0.000000 0.000000 0.000000
1065.000000 616.000000 0.524796 5.488625 4.750000 2.750000 0.000000 0.000000
1558.000000 1617.000000 -1.012197 2.358495 1.250000 -2.000000 0.000000 0.000000
714.000000 1732.000000 1.570796 0.250000 0.000000 0.250000 0.000000 0.000000
1370.000000 795.000000 0.124355 4.031129 4.000000 0.500000 0.000000 0.000000
401.000000 317.000000 -0.628796 3.400368 2.750000 -2.000000 0.000000 0.000000
830.000000 1438.000000 0.785398 2.121320 1.500000 1.500000 0.000000 0.000000
1914.000000 913.000000 -0.141897 3.535534 3.500000 -0.500000 0.000000 0.000000
1078.000000 1795.000000 -0.291457 5.220153 5.000000 -1.500000 0.000000 0.000000
1199.000000 1794.000000 -0.244979 3.092329 3.000000 -0.750000 0.000000 0.000000
825.000000 495.000000 -0.685730 3.553168 2.750000 -2.250000 0.000000 0.000000
1185.000000 614.000000 -0.950547 2.150581 1.250000 -1.750000 0.000000 0.000000
1247.000000 498.000000 0.124355 4.031129 4.000000 0.500000 0.000000 0.000000
654.000000 1735.000000 0.000000 4.250000 4.250000 0.000000 0.000000 0.000000
1492.000000 795.000000 -0.551655 3.816084 3.250000 -2.000000 0.000000 0.000000
1615.000000 1320.000000 -0.938047 4.650269 2.750000 -3.750000 0.000000 0.000000
471.000000 1675.000000 0.291457 2.610077 2.500000 0.750000 0.000000 0.000000
1372.000000 912.000000 0.191184 7.893827 7.750000 1.500000 0.000000 0.000000
524.000000 1142.000000 -0.432408 3.579455 3.250000 -1.500000 0.000000 0.000000
338.000000 78.000000 -0.218669 2.304886 2.250000 -0.500000 0.000000 0.000000
222.000000 672.000000 0.244979 2.061553 2.000000 0.500000 0.000000 0.000000
1732.000000 267.000000 0.491809 7.941190 7.000000 3.750000 0.000000 0.000000
99.000000 315.000000 -1.190290 1.346291 0.500000 -1.250000 0.000000 0.000000
104.000000 1137.000000 -0.404892 1.903943 1.750000 -0.750000 0.000000 0.000000
166.000000 1374.000000 0.643501 1.250000 1.000000 0.750000 0.000000 0.000000
1681.000000 1680.000000 -0.132552 3.783186 3.750000 -0.500000 0.000000 0.000000
1861.000000 1919.000000 -1.107149 1.118034 0.500000 -1.000000 0.000000 0.000000
1194.000000 1558.000000 1.107149 1.118034 0.500000 1.000000 0.000000 0.000000
1496.000000 1384.000000 -0.119429 6.294839 6.250000 -0.750000 0.000000 0.000000
228.000000 1492.000000 0.244979 2.061553 2.000000 0.500000 0.000000 0.000000
230.000000 1671.000000 -0.244979 2.061553 2.000000 -0.500000 0.000000 0.000000
1729.000000 149.000000 0.708626 6.914658 5.250000 4.500000 0.000000 0.000000
285.000000 1375.000000 -0.551655 3.816084 3.250000 -2.000000 0.000000 0.000000
1432.000000 1382.000000 -0.726642 3.010399 2.250000 -2.000000 0.000000 0.000000
1797.000000 1501.000000 -0.404892 1.903943 1.750000 -0.750000 0.000000 0.000000
1676.000000 1264.000000 -0.270947 4.670385 4.500000 -1.250000 0.000000 0.000000
1438.000000 1679.000000 -0.343024 3.716517 3.500000 -1.250000 0.000000 0.000000
172.000000 1910.000000 -0.463648 4.472136 4.000000 -2.000000 0.000000 0.000000
1613.000000 677.000000 -0.655696 4.100305 3.250000 -2.500000 0.000000 0.000000
410.000000 1553.000000 0.321751 1.581139 1.500000 0.500000 0.000000 0.000000
1554.000000 737.000000 0.215358 8.189170 8.000000 1.750000 0.000000 0.000000
342.000000 255.000000 -0.750929 5.129571 3.750000 -3.500000 0.000000 0.000000
1011.000000 1380.000000 -0.270947 4.670385 4.500000 -1.250000 0.000000 0.000000
642.000000 259.000000 0.124355 4.031129 4.000000 0.500000 0.000000 0.000000
340.000000 491.000000 -1.325818 4.123106 1.000000 -4.000000 0.000000 0.000000
345.000000 1374.000000 -1.570796 0.750000 0.000000 -0.750000 0.000000 0.000000
1431.000000 1147.000000 -0.132552 3.783186 3.750000 -0.500000 0.000000 0.000000
1067.000000 1203.000000 0.785398 0.353553 0.250000 0.250000 0.000000 0.000000
1064.000000 793.000000 -2.077895 2.573908 -1.250000 -2.250000 0.000000 0.000000
295.000000 1971.000000 0.674741 3.201562 2.500000 2.000000 0.000000 0.000000
1430.000000 1029.000000 0.321751 3.952847 3.750000 1.250000 0.000000 0.000000
1008.000000 1261.000000 -0.643501 1.250000 1.000000 -0.750000 0.000000 0.000000
832.000000 1612.000000 -1.951303 1.346291 -0.500000 -1.250000 0.000000 0.000000
650.000000 1376.000000 -0.348771 2.926175 2.750000 -1.000000 0.000000 0.000000
468.000000 1316.000000 0.000000 2.750000 2.750000 0.000000 0.000000 0.000000
1128.000000 1145.000000 0.197396 1.274755 1.250000 0.250000 0.000000 0.000000
1561.000000 1976.000000 -0.463648 0.559017 0.500000 -0.250000 0.000000 0.000000
1314.000000 1438.000000 -0.321751 2.371708 2.250000 -0.750000 0.000000 0.000000
1619.000000 1619.000000 1.190290 1.346291 0.500000 1.250000 0.000000 0.000000
1792.000000 148.000000 0.205395 6.128825 6.000000 1.250000 0.000000 0.000000
1309.000000 500.000000 0.404892 5.711830 5.250000 2.250000 0.000000 0.000000
1796.000000 739.000000 0.282555 8.070006 7.750000 2.250000 0.000000 0.000000
1732.000000 501.000000 0.094952 5.273756 5.250000 0.500000 0.000000 0.000000
159.000000 433.000000 0.394791 3.250000 3.000000 1.250000 0.000000 0.000000
1915.000000 1385.000000 -1.030377 1.457738 0.750000 -1.250000 0.000000 0.000000
1983.000000 1919.000000 -0.519146 4.031129 3.500000 -2.000000 0.000000 0.000000
1679.000000 1618.000000 -0.708626 2.304886 1.750000 -1.500000 0.000000 0.000000
1371.000000 676.000000 -0.620249 4.301163 3.500000 -2.500000 0.000000 0.000000
1731.000000 323.000000 -0.605545 3.952847 3.250000 -2.250000 0.000000 0.000000
1068.000000 1261.000000 -0.785398 5.303301 3.750000 -3.750000 0.000000 0.000000
942.000000 201.000000 0.321751 3.162278 3.000000 1.000000 0.000000 0.000000
1796.000000 1381.000000 -1.042722 3.473111 1.750000 -3.000000 0.000000 0.000000
823.000000 555.000000 -1.292497 1.820027 0.500000 -1.750000 0.000000 0.000000
1369.000000 736.000000 -1.107149 2.236068 1.000000 -2.000000 0.000000 0.000000
1186.000000 322.000000 -0.694738 1.952562 1.500000 -1.250000 0.000000 0.000000
1310.000000 1263.000000 -0.588003 4.506939 3.750000 -2.500000 0.000000 0.000000
826.000000 1143.000000 0.110657 2.263846 2.250000 0.250000 0.000000 0.000000
341.000000 789.000000 -1.373401 1.274755 0.250000 -1.250000 0.000000 0.000000
1680.000000 1800.000000 0.000000 3.250000 3.250000 0.000000 0.000000 0.000000
1432.000000 855.000000 0.244979 5.153882 5.000000 1.250000 0.000000 0.000000
1439.000000 1856.000000 0.244979 1.030776 1.000000 0.250000 0.000000 0.000000
1675.000000 855.000000 0.218669 6.914658 6.750000 1.500000 0.000000 0.000000
886.000000 1202.000000 -0.512389 4.589390 4.000000 -2.250000 0.000000 0.000000
1072.000000 1438.000000 0.278300 1.820027 1.750000 0.500000 0.000000 0.000000
765.000000 1085.000000 -0.412410 4.366062 4.000000 -1.750000 0.000000 0.000000
1191.000000 1321.000000 0.588003 0.901388 0.750000 0.500000 0.000000 0.000000
1855.000000 1033.000000 0.426627 6.041523 5.500000 2.500000 0.000000 0.000000
1678.000000 1559.000000 0.197396 1.274755 1.250000 0.250000 0.000000 0.000000
1429.000000 795.000000 -1.428899 1.767767 0.250000 -1.750000 0.000000 0.000000
1855.000000 737.000000 -0.665969 4.451123 3.500000 -2.750000 0.000000 0.000000
1913.000000 149.000000 -0.244979 3.092329 3.000000 -0.750000 0.000000 0.000000
1126.000000 262.000000 -0.588003 2.704163 2.250000 -1.500000 0.000000 0.000000
1004.000000 850.000000 -0.358771 2.136001 2.000000 -0.750000 0.000000 0.000000
767.000000 1259.000000 -0.519146 2.015564 1.750000 -1.000000 0.000000 0.000000
339.000000 671.000000 0.876058 1.952562 1.250000 1.500000 0.000000 0.000000
950.000000 1320.000000 0.141897 1.767767 1.750000 0.250000 0.000000 0.000000
1499.000000 1677.000000 -0.674741 1.600781 1.250000 -1.000000 0.000000 0.000000
589.000000 1555.000000 -0.380506 2.692582 2.500000 -1.000000 0.000000 0.000000
1188.000000 911.000000 -0.708626 2.304886 1.750000 -1.500000 0.000000 0.000000
1680.000000 1738.000000 -0.714091 4.962358 3.750000 -3.250000 0.000000 0.000000
583.000000 1142.000000 2.034444 1.118034 -0.500000 1.000000 0.000000 0.000000
834.000000 1851.000000 -1.815775 1.030776 -0.250000 -1.000000 0.000000 0.000000
1673.000000 1207.000000 -0.305879 4.981215 4.750000 -1.500000 0.000000 0.000000
1246.000000 852.000000 0.463648 1.677051 1.500000 0.750000 0.000000 0.000000
704.000000 731.000000 0.156602 4.808846 4.750000 0.750000 0.000000 0.000000
281.000000 552.000000 0.244979 5.153882 5.000000 1.250000 0.000000 0.000000
1250.000000 912.000000 0.083141 3.010399 3.000000 0.250000 0.000000 0.000000
1733.000000 1150.000000 -0.041643 6.005206 6.000000 -0.250000 0.000000 0.000000
408.000000 1375.000000 -0.090660 2.761340 2.750000 -0.250000 0.000000 0.000000
461.000000 198.000000 -0.558599 2.358495 2.000000 -1.250000 0.000000 0.000000
705.000000 1200.000000 -0.632749 4.650269 3.750000 -2.750000 0.000000 0.000000
97.000000 77.000000 -1.570796 1.250000 0.000000 -1.250000 0.000000 0.000000
1975.000000 914.000000 0.132552 3.783186 3.750000 0.500000 0.000000 0.000000
1309.000000 1028.000000 -0.714091 4.962358 3.750000 -3.250000 0.000000 0.000000
402.000000 964.000000 -0.278300 5.460082 5.250000 -1.500000 0.000000 0.000000
1672.000000 737.000000 -0.785398 3.181981 2.250000 -2.250000 0.000000 0.000000
956.000000 1675.000000 -0.398522 5.153882 4.750000 -2.000000 0.000000 0.000000
1853.000000 267.000000 0.340979 8.223442 7.750000 2.750000 0.000000 0.000000
469.000000 1492.000000 -0.540420 1.457738 1.250000 -0.750000 0.000000 0.000000
717.000000 1972.000000 0.321751 2.371708 2.250000 0.750000 0.000000 0.000000
1126.000000 439.000000 -0.418224 2.462214 2.250000 -1.000000 0.000000 0.000000
102.000000 1023.000000 -0.076772 3.259601 3.250000 -0.250000 0.000000 0.000000
1794.000000 678.000000 -0.551655 3.816084 3.250000 -2.000000 0.000000 0.000000
341.000000 1083.000000 -0.620249 2.150581 1.750000 -1.250000 0.000000 0.000000
1435.000000 1619.000000 -0.896055 1.600781 1.000000 -1.250000 0.000000 0.000000
583.000000 1083.000000 -0.785398 3.889087 2.750000 -2.750000 0.000000 0.000000
704.000000 1143.000000 -0.348771 2.926175 2.750000 -1.000000 0.000000 0.000000
954.000000 1852.000000 -1.138389 3.579455 1.500000 -3.250000 0.000000 0.000000
1499.000000 1857.000000 -0.588003 3.605551 3.000000 -2.000000 0.000000 0.000000
1377.000000 1677.000000 -0.661043 2.850439 2.250000 -1.750000 0.000000 0.000000
1124.000000 141.000000 -0.231091 4.366062 4.250000 -1.000000 0.000000 0.000000
1434.000000 1324.000000 0.558599 2.358495 2.000000 1.250000 0.000000 0.000000
1560.000000 1917.000000 -0.610726 3.051639 2.500000 -1.750000 0.000000 0.000000
343.000000 1023.000000 -0.531724 4.930771 4.250000 -2.500000 0.000000 0.000000
1683.000000 1978.000000 -0.218669 4.609772 4.500000 -1.000000 0.000000 0.000000
1977.000000 1094.000000 0.436627 4.138236 3.750000 1.750000 0.000000 0.000000
1427.000000 86.000000 0.197396 2.549510 2.500000 0.500000 0.000000 0.000000
1614.000000 1441.000000 -0.785398 2.828427 2.000000 -2.000000 0.000000 0.000000
1370.000000 1204.000000 -0.571337 4.160829 3.500000 -2.250000 0.000000 0.000000
285.000000 1256.000000 -0.404892 1.903943 1.750000 -0.750000 0.000000 0.000000
1130.000000 1320.000000 -1.107149 1.677051 0.750000 -1.500000 0.000000 0.000000
1372.000000 1440.000000 -0.551655 3.816084 3.250000 -2.000000 0.000000 0.000000
655.000000 1911.000000 -0.540420 4.373214 3.750000 -2.250000 0.000000 0.000000
946.000000 1203.000000 -0.380506 2.692582 2.500000 -1.000000 0.000000 0.000000
1131.000000 1501.000000 0.694738 1.952562 1.500000 1.250000 0.000000 0.000000
1008.000000 909.000000 -0.694738 3.905125 3.000000 -2.500000 0.000000 0.000000
110.000000 1850.000000 1.951303 2.692582 -1.000000 2.500000 0.000000 0.000000
1189.000000 1028.000000 0.412410 4.366062 4.000000 1.750000 0.000000 0.000000
1735.000000 797.000000 -0.185348 4.069705 4.000000 -0.750000 0.000000 0.000000
523.000000 731.000000 -0.519146 2.015564 1.750000 -1.000000 0.000000 0.000000
707.000000 1258.000000 -0.558599 2.358495 2.000000 -1.250000 0.000000 0.000000
886.000000 1083.000000 -0.851966 2.657536 1.750000 -2.000000 0.000000 0.000000
1551.000000 970.000000 -0.394791 3.250000 3.000000 -1.250000 0.000000 0.000000
1974.000000 678.000000 -0.099669 5.024938 5.000000 -0.500000 0.000000 0.000000
1854.000000 855.000000 0.000000 4.000000 4.000000 0.000000 0.000000 0.000000
1977.000000 1151.000000 0.218669 6.914658 6.750000 1.500000 0.000000 0.000000
523.000000 260.000000 0.141897 3.535534 3.500000 0.500000 0.000000 0.000000
106.000000 1373.000000 -0.785398 1.060660 0.750000 -0.750000 0.000000 0.000000
1185.000000 142.000000 -0.207496 4.854122 4.750000 -1.000000 0.000000 0.000000
401.000000 551.000000 -1.165905 3.807887 1.500000 -3.500000 0.000000 0.000000
464.000000 729.000000 0.000000 6.250000 6.250000 0.000000 0.000000 0.000000
160.000000 138.000000 -0.197396 2.549510 2.500000 -0.500000 0.000000 0.000000
1195.000000 1617.000000 -0.432408 3.579455 3.250000 -1.500000 0.000000 0.000000
581.000000 320.000000 0.000000 1.250000 1.250000 0.000000 0.000000 0.000000
1076.000000 1851.000000 -1.570796 2.250000 0.000000 -2.250000 0.000000 0.000000
1732.000000 736.000000 -0.124355 4.031129 4.000000 -0.500000 0.000000 0.000000
278.000000 137.000000 -0.179853 2.795085 2.750000 -0.500000 0.000000 0.000000
1731.000000 87.000000 0.152649 6.576473 6.500000 1.000000 0.000000 0.000000
339.000000 610.000000 -0.218669 2.304886 2.250000 -0.500000 0.000000 0.000000
102.000000 137.000000 0.236849 7.458217 7.250000 1.750000 0.000000 0.000000
823.000000 260.000000 0.132552 3.783186 3.750000 0.500000 0.000000 0.000000
1620.000000 1915.000000 -1.768192 1.274755 -0.250000 -1.250000 0.000000 0.000000
165.000000 1314.000000 -0.785398 1.060660 0.750000 -0.750000 0.000000 0.000000
1975.000000 1033.000000 -0.463648 1.677051 1.500000 -0.750000 0.000000 0.000000
824.000000 731.000000 -1.176005 3.250000 1.250000 -3.000000 0.000000 0.000000
1551.000000 501.000000 0.205395 6.128825 6.000000 1.250000 0.000000 0.000000
1790.000000 88.000000 -0.463648 2.795085 2.500000 -1.250000 0.000000 0.000000
108.000000 1611.000000 3.141593 1.000000 -1.000000 0.000000 0.000000 0.000000
1136.000000 1676.000000 -0.439843 4.697074 4.250000 -2.000000 0.000000 0.000000
769.000000 1436.000000 -0.785398 1.414214 1.000000 -1.000000 0.000000 0.000000
283.000000 1315.000000 -1.080839 4.250000 2.000000 -3.750000 0.000000 0.000000
1132.000000 1439.000000 -0.339293 4.506939 4.250000 -1.500000 0.000000 0.000000
461.000000 493.000000 0.117109 4.279311 4.250000 0.500000 0.000000 0.000000
643.000000 965.000000 -0.244979 4.123106 4.000000 -1.000000 0.000000 0.000000
583.000000 791.000000 -0.643501 1.250000 1.000000 -0.750000 0.000000 0.000000
943.000000 676.000000 2.896614 1.030776 -1.000000 0.250000 0.000000 0.000000
1308.000000 86.000000 0.397079 8.403868 7.750000 3.250000 0.000000 0.000000
947.000000 1259.000000 -1.712693 1.767767 -0.250000 -1.750000 0.000000 0.000000
644.000000 850.000000 -0.519146 2.015564 1.750000 -1.000000 0.000000 0.000000
1910.000000 207.000000 -1.460139 2.263846 0.250000 -2.250000 0.000000 0.000000
1671.000000 146.000000 0.282555 8.070006 7.750000 2.250000 0.000000 0.000000
827.000000 965.000000 -0.753151 5.482928 4.000000 -3.750000 0.000000 0.000000
1924.000000 1918.000000 -0.367174 3.482097 3.250000 -1.250000 0.000000 0.000000
942.000000 81.000000 -1.176005 3.250000 1.250000 -3.000000 0.000000 0.000000
340.000000 434.000000 0.244979 4.123106 4.000000 1.000000 0.000000 0.000000
1004.000000 555.000000 0.321751 3.952847 3.750000 1.250000 0.000000 0.000000
889.000000 1320.000000 0.785398 1.767767 1.250000 1.250000 0.000000 0.000000
221.000000 254.000000 -0.223477 5.640257 5.500000 -1.250000 0.000000 0.000000
278.000000 258.000000 -2.356194 0.353553 -0.250000 -0.250000 0.000000 0.000000
1862.000000 1798.000000 -0.785398 4.949747 3.500000 -3.500000 0.000000 0.000000
1491.000000 1088.000000 -0.244979 4.123106 4.000000 -1.000000 0.000000 0.000000
890.000000 1497.000000 -0.179853 2.795085 2.750000 -0.500000 0.000000 0.000000
766.000000 319.000000 0.346539 9.568830 9.000000 3.250000 0.000000 0.000000
400.000000 257.000000 0.270947 4.670385 4.500000 1.250000 0.000000 0.000000
1677.000000 1323.000000 -0.124355 4.031129 4.000000 -0.500000 0.000000 0.000000
1005.000000 1145.000000 0.197396 1.274755 1.250000 0.250000 0.000000 0.000000
1488.000000 439.000000 -0.244979 4.123106 4.000000 -1.000000 0.000000 0.000000
463.000000 1021.000000 -0.674741 3.201562 2.500000 -2.000000 0.000000 0.000000
162.000000 668.000000 0.000000 5.000000 5.000000 0.000000 0.000000 0.000000
163.000000 1140.000000 0.876058 1.952562 1.250000 1.500000 0.000000 0.000000
1136.000000 1618.000000 0.588003 2.704163 2.250000 1.500000 0.000000 0.000000
645.000000 670.000000 -0.214061 5.884301 5.750000 -1.250000 0.000000 0.000000
1500.000000 1977.000000 -0.463648 2.236068 2.000000 -1.000000 0.000000 0.000000
1617.000000 1383.000000 0.132552 3.783186 3.750000 0.500000 0.000000 0.000000
1735.000000 1324.000000 -0.512389 4.589390 4.000000 -2.250000 0.000000 0.000000
1552.000000 913.000000 -0.620249 2.150581 1.750000 -1.250000 0.000000 0.000000
588.000000 1377.000000 0.321751 1.581139 1.500000 0.500000 0.000000 0.000000
1190.000000 1086.000000 -0.117109 4.279311 4.250000 -0.500000 0.000000 0.000000
277.000000 78.000000 0.404892 3.807887 3.500000 1.500000 0.000000 0.000000
1374.000000 1381.000000 0.218669 2.304886 2.250000 0.500000 0.000000 0.000000
1140.000000 1854.000000 0.211093 3.579455 3.500000 0.750000 0.000000 0.000000
523.000000 1023.000000 -0.620249 2.150581 1.750000 -1.250000 0.000000 0.000000
1005.000000 968.000000 -1.570796 1.750000 0.000000 -1.750000 0.000000 0.000000
1971.000000 266.000000 -1.304544 2.850439 0.750000 -2.750000 0.000000 0.000000
1551.000000 794.000000 -0.110657 4.527693 4.500000 -0.500000 0.000000 0.000000
402.000000 849.000000 -0.785398 0.707107 0.500000 -0.500000 0.000000 0.000000
280.000000 731.000000 -1.570796 0.250000 0.000000 -0.250000 0.000000 0.000000
899.000000 1853.000000 0.066568 3.758324 3.750000 0.250000 0.000000 0.000000
1560.000000 1738.000000 0.000000 1.000000 1.000000 0.000000 0.000000 0.000000
955.000000 1734.000000 0.000000 0.500000 0.500000 0.000000 0.000000 0.000000
1308.000000 736.000000 0.432408 3.579455 3.250000 1.500000 0.000000 0.000000
1138.000000 1792.000000 -0.837981 3.363406 2.250000 -2.500000 0.000000 0.000000
1127.000000 853.000000 -0.785398 1.414214 1.000000 -1.000000 0.000000 0.000000
110.000000 1790.000000 0.000000 1.250000 1.250000 0.000000 0.000000 0.000000
1248.000000 321.000000 -0.694738 3.905125 3.000000 -2.500000 0.000000 0.000000
164.000000 905.000000 -0.038443 6.504806 6.500000 -0.250000 0.000000 0.000000
1253.000000 1437.000000 -0.862170 2.304886 1.500000 -1.750000 0.000000 0.000000
403.000000 1078.000000 -1.373401 3.824265 0.750000 -3.750000 0.000000 0.000000
1733.000000 1090.000000 -0.548549 5.273756 4.500000 -2.750000 0.000000 0.000000
1067.000000 968.000000 -1.190290 2.692582 1.000000 -2.500000 0.000000 0.000000
1309.000000 675.000000 -1.071450 3.132491 1.500000 -2.750000 0.000000 0.000000
1183.000000 84.000000 -1.249046 1.581139 0.500000 -1.500000 0.000000 0.000000
1672.000000 324.000000 -0.231091 4.366062 4.250000 -1.000000 0.000000 0.000000
945.000000 1144.000000 -0.588003 2.704163 2.250000 -1.500000 0.000000 0.000000
639.000000 494.000000 0.000000 1.000000 1.000000 0.000000 0.000000 0.000000
1247.000000 970.000000 -1.570796 1.000000 0.000000 -1.000000 0.000000 0.000000
342.000000 319.000000 0.124355 4.031129 4.000000 0.500000 0.000000 0.000000
705.000000 611.000000 -0.851966 5.315073 3.500000 -4.000000 0.000000 0.000000
288.000000 1612.000000 -0.927295 1.250000 0.750000 -1.000000 0.000000 0.000000
1852.000000 326.000000 0.333244 6.878408 6.500000 2.250000 0.000000 0.000000
1064.000000 674.000000 0.110657 2.263846 2.250000 0.250000 0.000000 0.000000
947.000000 968.000000 0.141897 5.303301 5.250000 0.750000 0.000000 0.000000
1303.000000 203.000000 -2.356194 2.121320 -1.500000 -1.500000 0.000000 0.000000
1492.000000 1029.000000 0.129703 5.798707 5.750000 0.750000 0.000000 0.000000
1915.000000 266.000000 -0.032247 7.754031 7.750000 -0.250000 0.000000 0.000000
1917.000000 1325.000000 -0.418224 2.462214 2.250000 -1.000000 0.000000 0.000000
1193.000000 1496.000000 -1.212026 2.136001 0.750000 -2.000000 0.000000 0.000000
338.000000 197.000000 0.197396 2.549510 2.500000 0.500000 0.000000 0.000000
465.000000 1141.000000 -0.352990 5.062114 4.750000 -1.750000 0.000000 0.000000
108.000000 1433.000000 0.291457 2.610077 2.500000 0.750000 0.000000 0.000000
1975.000000 972.000000 -0.226799 3.335416 3.250000 -0.750000 0.000000 0.000000
651.000000 1494.000000 -0.463648 6.149187 5.500000 -2.750000 0.000000 0.000000
225.000000 846.000000 -0.321751 5.533986 5.250000 -1.750000 0.000000 0.000000
945.000000 613.000000 -1.272297 3.400368 1.000000 -3.250000 0.000000 0.000000
172.000000 1670.000000 -0.398522 5.153882 4.750000 -2.000000 0.000000 0.000000
340.000000 375.000000 0.055499 4.506939 4.500000 0.250000 0.000000 0.000000
1552.000000 854.000000 -0.588003 2.704163 2.250000 -1.500000 0.000000 0.000000
1976.000000 1207.000000 -0.188222 5.344390 5.250000 -1.000000 0.000000 0.000000
1553.000000 1205.000000 -0.124355 2.015564 2.000000 -0.250000 0.000000 0.000000
825.000000 908.000000 0.066568 3.758324 3.750000 0.250000 0.000000 0.000000
1428.000000 323.000000 -0.674741 1.600781 1.250000 -1.000000 0.000000 0.000000
1804.000000 1977.000000 -0.643501 3.750000 3.000000 -2.250000 0.000000 0.000000
530.000000 1551.000000 -0.840897 6.373774 4.250000 -4.750000 0.000000 0.000000
526.000000 1318.000000 -0.493941 3.691206 3.250000 -1.750000 0.000000 0.000000
1124.000000 497.000000 -1.695151 2.015564 -0.250000 -2.000000 0.000000 0.000000
1003.000000 201.000000 0.211093 3.579455 3.500000 0.750000 0.000000 0.000000
1795.000000 914.000000 -0.367174 3.482097 3.250000 -1.250000 0.000000 0.000000
221.000000 906.000000 -0.685730 3.553168 2.750000 -2.250000 0.000000 0.000000
1487.000000 83.000000 -1.134169 4.138236 1.750000 -3.750000 0.000000 0.000000
1793.000000 1032.000000 0.339293 4.506939 4.250000 1.500000 0.000000 0.000000
1551.000000 381.000000 -0.785398 5.303301 3.750000 -3.750000 0.000000 0.000000
1683.000000 1917.000000 0.099669 2.512469 2.500000 0.250000 0.000000 0.000000
283.000000 786.000000 -0.188222 5.344390 5.250000 -1.000000 0.000000 0.000000
1431.000000 1087.000000 -0.090660 2.761340 2.750000 -0.250000 0.000000 0.000000
1673.000000 912.000000 -0.117109 4.279311 4.250000 -0.500000 0.000000 0.000000
584.000000 672.000000 0.244979 5.153882 5.000000 1.250000 0.000000 0.000000
652.000000 1790.000000 -2.356194 1.767767 -1.250000 -1.250000 0.000000 0.000000
645.000000 550.000000 -1.042722 6.946222 3.500000 -6.000000 0.000000 0.000000
1915.000000 620.000000 0.079830 6.269968 6.250000 0.500000 0.000000 0.000000
1067.000000 1144.000000 0.982794 0.901388 0.500000 0.750000 0.000000 0.000000
880.000000 493.000000 -1.712693 1.767767 -0.250000 -1.750000 0.000000 0.000000
1066.000000 909.000000 0.000000 3.500000 3.500000 0.000000 0.000000 0.000000
584.000000 494.000000 -0.493941 3.691206 3.250000 -1.750000 0.000000 0.000000
1612.000000 1206.000000 -0.463648 3.913119 3.500000 -1.750000 0.000000 0.000000
1429.000000 911.000000 -0.058756 4.257347 4.250000 -0.250000 0.000000 0.000000
1429.000000 500.000000 -0.851966 2.657536 1.750000 -2.000000 0.000000 0.000000
344.000000 1198.000000 -0.165149 1.520691 1.500000 -0.250000 0.000000 0.000000
1978.000000 1442.000000 -0.822418 4.776243 3.250000 -3.500000 0.000000 0.000000
1066.000000 497.000000 0.305879 4.981215 4.750000 1.500000 0.000000 0.000000
585.000000 1023.000000 -0.674741 6.403124 5.000000 -4.000000 0.000000 0.000000
1974.000000 738.000000 0.052583 4.756574 4.750000 0.250000 0.000000 0.000000
649.000000 1319.000000 0.165149 3.041381 3.000000 0.500000 0.000000 0.000000
1914.000000 1034.000000 0.785398 1.414214 1.000000 1.000000 0.000000 0.000000
1734.000000 971.000000 -0.104877 4.776243 4.750000 -0.500000 0.000000 0.000000
763.000000 670.000000 -1.325818 4.123106 1.000000 -4.000000 0.000000 0.000000
1006.000000 320.000000 -0.380506 4.038874 3.750000 -1.500000 0.000000 0.000000
1794.000000 1148.000000 -0.141897 3.535534 3.500000 -0.500000 0.000000 0.000000
1545.000000 85.000000 0.124355 2.015564 2.000000 0.250000 0.000000 0.000000
280.000000 194.000000 -1.262744 5.771698 1.750000 -5.500000 0.000000 0.000000
643.000000 612.000000 -1.176005 3.250000 1.250000 -3.000000 0.000000 0.000000
1186.000000 558.000000 -0.785398 1.060660 0.750000 -0.750000 0.000000 0.000000
1674.000000 500.000000 -0.588003 5.408327 4.500000 -3.000000 0.000000 0.000000
166.000000 1433.000000 -0.436627 4.138236 3.750000 -1.750000 0.000000 0.000000
1855.000000 1443.000000 -0.982794 0.901388 0.500000 -0.750000 0.000000 0.000000
1369.000000 616.000000 -0.099669 5.024938 5.000000 -0.500000 0.000000 0.000000
647.000000 1260.000000 -0.352990 5.062114 4.750000 -1.750000 0.000000 0.000000
824.000000 849.000000 -0.090660 2.761340 2.750000 -0.250000 0.000000 0.000000
643.000000 1201.000000 -0.620249 2.150581 1.750000 -1.250000 0.000000 0.000000
521.000000 907.000000 -1.570796 1.000000 0.000000 -1.000000 0.000000 0.000000
342.000000 904.000000 0.062419 4.007805 4.000000 0.250000 0.000000 0.000000
1125.000000 201.000000 -0.982794 3.605551 2.000000 -3.000000 0.000000 0.000000
400.000000 434.000000 0.066568 3.758324 3.750000 0.250000 0.000000 0.000000
1489.000000 559.000000 -1.107149 2.236068 1.000000 -2.000000 0.000000 0.000000
404.000000 1259.000000 -0.298499 3.400368 3.250000 -1.000000 0.000000 0.000000
286.000000 1433.000000 0.000000 1.000000 1.000000 0.000000 0.000000 0.000000
1189.000000 852.000000 -0.837981 3.363406 2.250000 -2.500000 0.000000 0.000000
1309.000000 970.000000 -0.620249 2.150581 1.750000 -1.250000 0.000000 0.000000
1429.000000 262.000000 -0.876058 3.905125 2.500000 -3.000000 0.000000 0.000000
1974.000000 385.000000 0.291457 7.830230 7.500000 2.250000 0.000000 0.000000
402.000000 1023.000000 -0.489957 4.250000 3.750000 -2.000000 0.000000 0.000000
1915.000000 326.000000 0.192048 9.168560 9.000000 1.750000 0.000000 0.000000
699.000000 317.000000 -0.643501 1.250000 1.000000 -0.750000 0.000000 0.000000
160.000000 375.000000 -0.404892 1.903943 1.750000 -0.750000 0.000000 0.000000
1187.000000 380.000000 0.094952 5.273756 5.250000 0.500000 0.000000 0.000000
1735.000000 854.000000 -0.412410 4.366062 4.000000 -1.750000 0.000000 0.000000
1199.000000 1972.000000 -0.825377 4.422952 3.000000 -3.250000 0.000000 0.000000
1498.000000 1620.000000 -0.302885 4.190764 4.000000 -1.250000 0.000000 0.000000
100.000000 787.000000 -1.768192 1.274755 -0.250000 -1.250000 0.000000 0.000000
1070.000000 1379.000000 0.000000 0.500000 0.500000 0.000000 0.000000 0.000000
1005.000000 437.000000 -0.062419 4.007805 4.000000 -0.250000 0.000000 0.000000
705.000000 964.000000 -0.380506 5.385165 5.000000 -2.000000 0.000000 0.000000
519.000000 138.000000 -0.950547 2.150581 1.250000 -1.750000 0.000000 0.000000
942.000000 260.000000 -1.712693 1.767767 -0.250000 -1.750000 0.000000 0.000000
1670.000000 440.000000 -0.302885 4.190764 4.000000 -1.250000 0.000000 0.000000
1127.000000 557.000000 0.305879 4.981215 4.750000 1.500000 0.000000 0.000000
401.000000 612.000000 -1.190290 1.346291 0.500000 -1.250000 0.000000 0.000000
1248.000000 734.000000 0.372988 6.174545 5.750000 2.250000 0.000000 0.000000
1365.000000 84.000000 0.339293 4.506939 4.250000 1.500000 0.000000 0.000000
1252.000000 1382.000000 -0.132552 3.783186 3.750000 -0.500000 0.000000 0.000000
885.000000 852.000000 -0.463648 0.559017 0.500000 -0.250000 0.000000 0.000000
583.000000 964.000000 -0.909753 2.850439 1.750000 -2.250000 0.000000 0.000000
1256.000000 1498.000000 0.083141 3.010399 3.000000 0.250000 0.000000 0.000000
522.000000 848.000000 0.211093 3.579455 3.500000 0.750000 0.000000 0.000000
1007.000000 675.000000 -0.226799 3.335416 3.250000 -0.750000 0.000000 0.000000
99.000000 372.000000 -0.071307 3.508917 3.500000 -0.250000 0.000000 0.000000
1553.000000 1147.000000 0.110657 4.527693 4.500000 0.500000 0.000000 0.000000
885.000000 437.000000 0.354706 7.198090 6.750000 2.500000 0.000000 0.000000
1252.000000 1262.000000 -0.083141 3.010399 3.000000 -0.250000 0.000000 0.000000
344.000000 1139.000000 -0.519146 2.015564 1.750000 -1.000000 0.000000 0.000000
704.000000 259.000000 0.282555 8.070006 7.750000 2.250000 0.000000 0.000000
1853.000000 385.000000 0.321751 6.324555 6.000000 2.000000 0.000000 0.000000
1549.000000 560.000000 0.260602 3.881044 3.750000 1.000000 0.000000 0.000000
103.000000 729.000000 0.000000 3.750000 3.750000 0.000000 0.000000 0.000000
462.000000 904.000000 -1.347320 5.640257 1.250000 -5.500000 0.000000 0.000000
1798.000000 1442.000000 0.218669 2.304886 2.250000 0.500000 0.000000 0.000000
1129.000000 1203.000000 -0.625485 5.550901 4.500000 -3.250000 0.000000 0.000000
224.000000 1081.000000 -0.090660 2.761340 2.750000 -0.250000 0.000000 0.000000
1492.000000 737.000000 0.345556 6.642665 6.250000 2.250000 0.000000 0.000000
768.000000 1317.000000 -0.847817 5.667892 3.750000 -4.250000 0.000000 0.000000
405.000000 1141.000000 0.463648 2.795085 2.500000 1.250000 0.000000 0.000000
101.000000 254.000000 -0.876058 3.905125 2.500000 -3.000000 0.000000 0.000000
1309.000000 1145.000000 0.197396 1.274755 1.250000 0.250000 0.000000 0.000000
406.000000 1316.000000 0.000000 1.250000 1.250000 0.000000 0.000000 0.000000
1373.000000 1320.000000 -0.785398 2.474874 1.750000 -1.750000 0.000000 0.000000
1915.000000 679.000000 0.090660 5.522681 5.500000 0.500000 0.000000 0.000000
1306.000000 144.000000 -0.463648 2.795085 2.500000 -1.250000 0.000000 0.000000
222.000000 1198.000000 -0.702257 4.257347 3.250000 -2.750000 0.000000 0.000000
1973.000000 327.000000 0.233743 5.396758 5.250000 1.250000 0.000000 0.000000
1557.000000 1799.000000 -0.674741 1.600781 1.250000 -1.000000 0.000000 0.000000
103.000000 1081.000000 -0.270947 4.670385 4.500000 -1.250000 0.000000 0.000000
771.000000 1555.000000 -0.685730 3.553168 2.750000 -2.250000 0.000000 0.000000
583.000000 258.000000 -0.785398 3.889087 2.750000 -2.750000 0.000000 0.000000
1126.000000 734.000000 0.244979 3.092329 3.000000 0.750000 0.000000 0.000000
1611.000000 439.000000 -1.086318 5.367728 2.500000 -4.750000 0.000000 0.000000
704.000000 1024.000000 0.266252 2.850439 2.750000 0.750000 0.000000 0.000000
525.000000 790.000000 0.235545 6.427480 6.250000 1.500000 0.000000 0.000000
822.000000 82.000000 0.370891 4.828302 4.500000 1.750000 0.000000 0.000000
1854.000000 678.000000 -0.876058 3.905125 2.500000 -3.000000 0.000000 0.000000
158.000000 492.000000 0.643501 1.250000 1.000000 0.750000 0.000000 0.000000
944.000000 437.000000 0.244979 5.153882 5.000000 1.250000 0.000000 0.000000
1005.000000 1087.000000 -0.179853 2.795085 2.750000 -0.500000 0.000000 0.000000
461.000000 553.000000 0.358771 4.272002 4.000000 1.500000 0.000000 0.000000
882.000000 615.000000 -2.553590 1.802776 -1.500000 -1.000000 0.000000 0.000000
1309.000000 380.000000 -0.620249 4.301163 3.500000 -2.500000 0.000000 0.000000
402.000000 670.000000 0.165149 4.562072 4.500000 0.750000 0.000000 0.000000
1256.000000 1795.000000 -0.885067 3.553168 2.250000 -2.750000 0.000000 0.000000
1733.000000 677.000000 -0.047583 5.255949 5.250000 -0.250000 0.000000 0.000000
222.000000 1023.000000 0.507099 2.573908 2.250000 1.250000 0.000000 0.000000
347.000000 1317.000000 -0.372988 6.174545 5.750000 -2.250000 0.000000 0.000000
1369.000000 1145.000000 0.000000 0.250000 0.250000 0.000000 0.000000 0.000000
462.000000 1199.000000 -0.909753 2.850439 1.750000 -2.250000 0.000000 0.000000
1252.000000 1559.000000 -0.321751 0.790569 0.750000 -0.250000 0.000000 0.000000
1309.000000 1203.000000 -1.249046 0.790569 0.250000 -0.750000 0.000000 0.000000
705.000000 1082.000000 -0.694738 1.952562 1.500000 -1.250000 0.000000 0.000000
1794.000000 1207.000000 0.278300 1.820027 1.750000 0.500000 0.000000 0.000000
1915.000000 504.000000 0.000000 3.000000 3.000000 0.000000 0.000000 0.000000
402.000000 139.000000 -0.117109 4.279311 4.250000 -0.500000 0.000000 0.000000
218.000000 76.000000 -0.321751 3.952847 3.750000 -1.250000 0.000000 0.000000
1245.000000 146.000000 0.165149 1.520691 1.500000 0.250000 0.000000 0.000000
1371.000000 1266.000000 0.000000 4.000000 4.000000 0.000000 0.000000 0.000000
462.000000 436.000000 -0.380506 2.692582 2.500000 -1.000000 0.000000 0.000000
1796.000000 1325.000000 -0.398522 5.153882 4.750000 -2.000000 0.000000 0.000000
587.000000 1260.000000 -0.257324 4.911721 4.750000 -1.250000 0.000000 0.000000
465.000000 1258.000000 0.643501 1.250000 1.000000 0.750000 0.000000 0.000000
219.000000 197.000000 -1.107149 2.236068 1.000000 -2.000000 0.000000 0.000000
645.000000 906.000000 -0.291457 5.220153 5.000000 -1.500000 0.000000 0.000000
1551.000000 1030.000000 0.165149 4.562072 4.500000 0.750000 0.000000 0.000000
893.000000 1379.000000 0.257324 4.911721 4.750000 1.250000 0.000000 0.000000
162.000000 1021.000000 -0.412410 4.366062 4.000000 -1.750000 0.000000 0.000000
644.000000 1142.000000 1.325818 1.030776 0.250000 1.000000 0.000000 0.000000
703.000000 850.000000 -1.030377 1.457738 0.750000 -1.250000 0.000000 0.000000
882.000000 200.000000 -1.107149 2.236068 1.000000 -2.000000 0.000000 0.000000
1186.000000 968.000000 -0.141897 1.767767 1.750000 -0.250000 0.000000 0.000000
1121.000000 82.000000 -0.141897 1.767767 1.750000 -0.250000 0.000000 0.000000
1246.000000 260.000000 -0.165149 4.562072 4.500000 -0.750000 0.000000 0.000000
1731.000000 559.000000 -1.190290 2.692582 1.000000 -2.500000 0.000000 0.000000
1557.000000 1440.000000 -0.226799 3.335416 3.250000 -0.750000 0.000000 0.000000
1672.000000 619.000000 0.188222 5.344390 5.250000 1.000000 0.000000 0.000000
1249.000000 676.000000 0.270947 4.670385 4.500000 1.250000 0.000000 0.000000
759.000000 377.000000 -1.107149 0.559017 0.250000 -0.500000 0.000000 0.000000
823.000000 317.000000 0.045423 5.505679 5.500000 0.250000 0.000000 0.000000
1430.000000 440.000000 0.041643 6.005206 6.000000 0.250000 0.000000 0.000000
1797.000000 855.000000 -0.336675 5.297405 5.000000 -1.750000 0.000000 0.000000
701.000000 553.000000 -0.197396 2.549510 2.500000 -0.500000 0.000000 0.000000
160.000000 74.000000 -1.007480 5.618051 3.000000 -4.750000 0.000000 0.000000
827.000000 1378.000000 3.141593 0.750000 -0.750000 0.000000 0.000000 0.000000
221.000000 789.000000 0.558599 4.716991 4.000000 2.500000 0.000000 0.000000
1732.000000 440.000000 -0.278300 5.460082 5.250000 -1.500000 0.000000 0.000000
1430.000000 561.000000 0.197396 2.549510 2.500000 0.500000 0.000000 0.000000
161.000000 1198.000000 -0.844154 3.010399 2.000000 -2.250000 0.000000 0.000000
341.000000 728.000000 -1.304544 2.850439 0.750000 -2.750000 0.000000 0.000000
886.000000 907.000000 -0.270947 4.670385 4.500000 -1.250000 0.000000 0.000000
1791.000000 265.000000 0.321751 7.115125 6.750000 2.250000 0.000000 0.000000
1914.000000 1149.000000 -0.286051 4.430011 4.250000 -1.250000 0.000000 0.000000
824.000000 377.000000 0.110657 6.791539 6.750000 0.750000 0.000000 0.000000
1431.000000 617.000000 0.083141 6.020797 6.000000 0.500000 0.000000 0.000000
821.000000 793.000000 -3.041924 2.512469 -2.500000 -0.250000 0.000000 0.000000
1067.000000 1029.000000 -0.380506 2.692582 2.500000 -1.000000 0.000000 0.000000
702.000000 672.000000 -1.570796 2.000000 0.000000 -2.000000 0.000000 0.000000
524.000000 670.000000 -0.741947 4.069705 3.000000 -2.750000 0.000000 0.000000
1975.000000 856.000000 -0.718830 2.657536 2.000000 -1.750000 0.000000 0.000000
1493.000000 1324.000000 -0.463648 3.913119 3.500000 -1.750000 0.000000 0.000000
640.000000 81.000000 0.244979 2.061553 2.000000 0.500000 0.000000 0.000000
1613.000000 972.000000 -0.499347 3.132491 2.750000 -1.500000 0.000000 0.000000
279.000000 846.000000 1.030377 1.457738 0.750000 1.250000 0.000000 0.000000
221.000000 1140.000000 -0.674741 3.201562 2.500000 -2.000000 0.000000 0.000000
1369.000000 1028.000000 -0.404892 3.807887 3.500000 -1.500000 0.000000 0.000000
1064.000000 556.000000 0.558599 4.716991 4.000000 2.500000 0.000000 0.000000
1130.000000 1085.000000 -0.244979 4.123106 4.000000 -1.000000 0.000000 0.000000
103.000000 1198.000000 1.405648 1.520691 0.250000 1.500000 0.000000 0.000000
1247.000000 202.000000 0.000000 5.750000 5.750000 0.000000 0.000000 0.000000
1854.000000 1208.000000 -0.380506 2.692582 2.500000 -1.000000 0.000000 0.000000
342.000000 845.000000 -0.321751 3.162278 3.000000 -1.000000 0.000000 0.000000
767.000000 909.000000 -0.226799 3.335416 3.250000 -0.750000 0.000000 0.000000
763.000000 612.000000 -0.062419 4.007805 4.000000 -0.250000 0.000000 0.000000
1609.000000 264.000000 -0.540420 2.915476 2.500000 -1.500000 0.000000 0.000000
220.000000 610.000000 -1.352127 2.304886 0.500000 -2.250000 0.000000 0.000000
764.000000 1025.000000 -0.540420 2.915476 2.500000 -1.500000 0.000000 0.000000
158.000000 730.000000 1.076855 3.691206 1.750000 3.250000 0.000000 0.000000
219.000000 136.000000 -1.190290 4.038874 1.500000 -3.750000 0.000000 0.000000
1005.000000 379.000000 -0.661043 2.850439 2.250000 -1.750000 0.000000 0.000000
1852.000000 561.000000 0.066568 3.758324 3.750000 0.250000 0.000000 0.000000
1549.000000 1088.000000 -0.244979 3.092329 3.000000 -0.750000 0.000000 0.000000
1257.000000 1975.000000 2.214297 2.500000 -1.500000 2.000000 0.000000 0.000000
1555.000000 1324.000000 -0.372988 6.174545 5.750000 -2.250000 0.000000 0.000000
822.000000 141.000000 -0.463648 2.236068 2.000000 -1.000000 0.000000 0.000000
1186.000000 675.000000 0.489957 4.250000 3.750000 2.000000 0.000000 0.000000
702.000000 142.000000 0.367174 3.482097 3.250000 1.250000 0.000000 0.000000
1793.000000 501.000000 -0.086738 5.771698 5.750000 -0.500000 0.000000 0.000000
160.000000 254.000000 -0.231091 4.366062 4.250000 -1.000000 0.000000 0.000000
1619.000000 1677.000000 -1.815775 1.030776 -0.250000 -1.000000 0.000000 0.000000
944.000000 732.000000 0.000000 3.000000 3.000000 0.000000 0.000000 0.000000
159.000000 313.000000 -1.385448 4.069705 0.750000 -4.000000 0.000000 0.000000
645.000000 1082.000000 -0.463648 1.677051 1.500000 -0.750000 0.000000 0.000000
640.000000 378.000000 -1.570796 1.500000 0.000000 -1.500000 0.000000 0.000000
1367.000000 441.000000 -0.785398 0.707107 0.500000 -0.500000 0.000000 0.000000
1791.000000 383.000000 -0.785398 2.828427 2.000000 -2.000000 0.000000 0.000000
822.000000 436.000000 0.000000 2.750000 2.750000 0.000000 0.000000 0.000000
278.000000 668.000000 -2.057696 4.808846 -2.250000 -4.250000 0.000000 0.000000
1494.000000 854.000000 -0.484478 5.367728 4.750000 -2.500000 0.000000 0.000000
402.000000 905.000000 -0.367174 3.482097 3.250000 -1.250000 0.000000 0.000000
699.000000 81.000000 -2.089942 2.015564 -1.000000 -1.750000 0.000000 0.000000
884.000000 259.000000 -1.138389 3.579455 1.500000 -3.250000 0.000000 0.000000
1430.000000 969.000000 -0.090660 5.522681 5.500000 -0.500000 0.000000 0.000000
341.000000 553.000000 -0.418224 2.462214 2.250000 -1.000000 0.000000 0.000000
1184.000000 440.000000 0.610726 3.051639 2.500000 1.750000 0.000000 0.000000
1439.000000 1915.000000 -0.915101 4.100305 2.500000 -3.250000 0.000000 0.000000
883.000000 673.000000 0.000000 2.250000 2.250000 0.000000 0.000000 0.000000
1611.000000 1087.000000 -0.185348 4.069705 4.000000 -0.750000 0.000000 0.000000
1005.000000 733.000000 -0.982794 1.802776 1.000000 -1.500000 0.000000 0.000000
1244.000000 381.000000 -2.129396 2.358495 -1.250000 -2.000000 0.000000 0.000000
1853.000000 619.000000 -0.174672 4.315669 4.250000 -0.750000 0.000000 0.000000
1125.000000 380.000000 0.270947 4.670385 4.500000 1.250000 0.000000 0.000000
1002.000000 83.000000 -1.030377 1.457738 0.750000 -1.250000 0.000000 0.000000
1128.000000 910.000000 0.047583 5.255949 5.250000 0.250000 0.000000 0.000000
1670.000000 207.000000 0.463648 6.149187 5.500000 2.750000 0.000000 0.000000
1246.000000 439.000000 0.000000 3.500000 3.500000 0.000000 0.000000 0.000000
399.000000 378.000000 -0.463648 0.559017 0.500000 -0.250000 0.000000 0.000000
1308.000000 794.000000 0.352990 5.062114 4.750000 1.750000 0.000000 0.000000
1850.000000 147.000000 -1.390943 2.795085 0.500000 -2.750000 0.000000 0.000000
762.000000 790.000000 -0.110657 2.263846 2.250000 -0.250000 0.000000 0.000000
527.000000 1259.000000 0.380506 2.692582 2.500000 1.000000 0.000000 0.000000
1614.000000 1266.000000 -0.233743 5.396758 5.250000 -1.250000 0.000000 0.000000
1063.000000 203.000000 -1.570796 0.250000 0.000000 -0.250000 0.000000 0.000000
1731.000000 205.000000 0.260602 7.762087 7.500000 2.000000 0.000000 0.000000
1671.000000 1088.000000 -0.694738 3.905125 3.000000 -2.500000 0.000000 0.000000
1185.000000 261.000000 -1.144169 3.020761 1.250000 -2.750000 0.000000 0.000000
1609.000000 86.000000 0.343024 7.433034 7.000000 2.500000 0.000000 0.000000
1552.000000 443.000000 0.000000 4.250000 4.250000 0.000000 0.000000 0.000000
521.000000 433.000000 -1.249046 3.952847 1.250000 -3.750000 0.000000 0.000000
1005.000000 615.000000 0.141897 3.535534 3.500000 0.500000 0.000000 0.000000
1915.000000 855.000000 0.000000 4.250000 4.250000 0.000000 0.000000 0.000000
1856.000000 1385.000000 1.373401 1.274755 0.250000 1.250000 0.000000 0.000000
1365.000000 381.000000 0.643501 2.500000 2.000000 1.500000 0.000000 0.000000
583.000000 610.000000 -0.305879 4.981215 4.750000 -1.500000 0.000000 0.000000
1854.000000 504.000000 -0.083141 3.010399 3.000000 -0.250000 0.000000 0.000000
1188.000000 1262.000000 -2.356194 0.353553 -0.250000 -0.250000 0.000000 0.000000
401.000000 728.000000 -0.152649 3.288237 3.250000 -0.500000 0.000000 0.000000
1488.000000 264.000000 0.244979 4.123106 4.000000 1.000000 0.000000 0.000000
164.000000 1258.000000 -0.286051 4.430011 4.250000 -1.250000 0.000000 0.000000
1367.000000 146.000000 0.496423 6.823672 6.000000 3.250000 0.000000 0.000000
779.000000 1972.000000 0.062419 4.007805 4.000000 0.250000 0.000000 0.000000
461.000000 255.000000 -0.207496 4.854122 4.750000 -1.000000 0.000000 0.000000
1370.000000 854.000000 0.422854 5.482928 5.000000 2.250000 0.000000 0.000000
1489.000000 382.000000 -0.726642 3.010399 2.250000 -2.000000 0.000000 0.000000
942.000000 142.000000 0.076772 3.259601 3.250000 0.250000 0.000000 0.000000
1794.000000 208.000000 0.420663 10.407329 9.500000 4.250000 0.000000 0.000000
1245.000000 86.000000 0.218669 2.304886 2.250000 0.500000 0.000000 0.000000
883.000000 320.000000 0.083141 3.010399 3.000000 0.250000 0.000000 0.000000
1671.000000 971.000000 -1.480136 2.761340 0.250000 -2.750000 0.000000 0.000000
821.000000 199.000000 -1.418147 3.288237 0.500000 -3.250000 0.000000 0.000000
340.000000 136.000000 -0.148890 5.055937 5.000000 -0.750000 0.000000 0.000000
160.000000 846.000000 -1.670465 2.512469 -0.250000 -2.500000 0.000000 0.000000
1305.000000 322.000000 0.588003 2.704163 2.250000 1.500000 0.000000 0.000000
1672.000000 562.000000 0.165149 3.041381 3.000000 0.500000 0.000000 0.000000
1248.000000 1147.000000 -0.076772 3.259601 3.250000 -0.250000 0.000000 0.000000
1914.000000 444.000000 0.255182 5.942432 5.750000 1.500000 0.000000 0.000000
644.000000 790.000000 -0.844154 3.010399 2.000000 -2.250000 0.000000 0.000000
1488.000000 145.000000 -0.643501 2.500000 2.000000 -1.500000 0.000000 0.000000
224.000000 963.000000 -0.291457 7.830230 7.500000 -2.250000 0.000000 0.000000
1851.000000 208.000000 0.390607 4.596194 4.250000 1.750000 0.000000 0.000000
102.000000 1258.000000 -0.244979 2.061553 2.000000 -0.500000 0.000000 0.000000
223.000000 1256.000000 -1.570796 0.750000 0.000000 -0.750000 0.000000 0.000000
279.000000 612.000000 0.610726 3.051639 2.500000 1.750000 0.000000 0.000000
1064.000000 851.000000 0.141897 1.767767 1.750000 0.250000 0.000000 0.000000
1974.000000 621.000000 -0.380506 2.692582 2.500000 -1.000000 0.000000 0.000000
699.000000 198.000000 0.000000 2.500000 2.500000 0.000000 0.000000 0.000000
762.000000 732.000000 -1.735945 1.520691 -0.250000 -1.500000 0.000000 0.000000
281.000000 433.000000 -0.726642 3.010399 2.250000 -2.000000 0.000000 0.000000
1368.000000 321.000000 0.052583 4.756574 4.750000 0.250000 0.000000 0.000000
762.000000 850.000000 0.694738 1.952562 1.500000 1.250000 0.000000 0.000000
220.000000 726.000000 -0.588003 3.605551 3.000000 -2.000000 0.000000 0.000000
1061.000000 84.000000 0.844154 3.010399 2.000000 2.250000 0.000000 0.000000
768.000000 1379.000000 -0.463648 3.354102 3.000000 -1.500000 0.000000 0.000000
1493.000000 619.000000 -0.117109 4.279311 4.250000 -0.500000 0.000000 0.000000
102.000000 961.000000 0.000000 3.500000 3.500000 0.000000 0.000000 0.000000
463.000000 847.000000 -1.076855 3.691206 1.750000 -3.250000 0.000000 0.000000
1307.000000 557.000000 0.132552 3.783186 3.750000 0.500000 0.000000 0.000000
579.000000 376.000000 -0.124355 2.015564 2.000000 -0.250000 0.000000 0.000000
946.000000 380.000000 0.189988 6.619101 6.500000 1.250000 0.000000 0.000000
704.000000 492.000000 -0.446106 6.373774 5.750000 -2.750000 0.000000 0.000000
278.000000 375.000000 0.348771 2.926175 2.750000 1.000000 0.000000 0.000000
162.000000 1079.000000 -0.927295 1.250000 0.750000 -1.000000 0.000000 0.000000
1914.000000 1209.000000 -0.298499 3.400368 3.250000 -1.000000 0.000000 0.000000
1917.000000 738.000000 -0.398522 5.153882 4.750000 -2.000000 0.000000 0.000000
1975.000000 1268.000000 0.463648 1.677051 1.500000 0.750000 0.000000 0.000000
458.000000 316.000000 -0.124355 2.015564 2.000000 -0.250000 0.000000 0.000000
1006.000000 1201.000000 -2.158799 0.901388 -0.500000 -0.750000 0.000000 0.000000
1674.000000 1033.000000 0.071307 3.508917 3.500000 0.250000 0.000000 0.000000
1547.000000 323.000000 -0.083141 3.010399 3.000000 -0.250000 0.000000 0.000000
220.000000 374.000000 -0.844154 3.010399 2.000000 -2.250000 0.000000 0.000000
1913.000000 1266.000000 -1.428899 1.767767 0.250000 -1.750000 0.000000 0.000000
643.000000 198.000000 0.071307 7.017834 7.000000 0.500000 0.000000 0.000000
282.000000 1141.000000 -0.432408 3.579455 3.250000 -1.500000 0.000000 0.000000
580.000000 140.000000 0.442374 5.255949 4.750000 2.250000 0.000000 0.000000
1250.000000 1087.000000 -0.226799 6.670832 6.500000 -1.500000 0.000000 0.000000
282.000000 1022.000000 -0.620249 2.150581 1.750000 -1.250000 0.000000 0.000000
282.000000 1196.000000 -1.712693 1.767767 -0.250000 -1.750000 0.000000 0.000000
945.000000 320.000000 -0.785398 3.181981 2.250000 -2.250000 0.000000 0.000000
1611.000000 737.000000 -0.643501 2.500000 2.000000 -1.500000 0.000000 0.000000
524.000000 964.000000 -0.785398 2.828427 2.000000 -2.000000 0.000000 0.000000
642.000000 318.000000 -0.960070 3.051639 1.750000 -2.500000 0.000000 0.000000
1908.000000 89.000000 0.837981 3.363406 2.250000 2.500000 0.000000 0.000000
103.000000 906.000000 0.649870 7.850159 6.250000 4.750000 0.000000 0.000000
1127.000000 1028.000000 -0.321751 1.581139 1.500000 -0.500000 0.000000 0.000000
1611.000000 1031.000000 0.179853 2.795085 2.750000 0.500000 0.000000 0.000000
462.000000 789.000000 0.152649 3.288237 3.250000 0.500000 0.000000 0.000000
160.000000 962.000000 -0.412410 4.366062 4.000000 -1.750000 0.000000 0.000000
1977.000000 1326.000000 -0.571337 4.160829 3.500000 -2.250000 0.000000 0.000000
943.000000 554.000000 -0.244979 2.061553 2.000000 -0.500000 0.000000 0.000000
1912.000000 384.000000 0.235545 6.427480 6.250000 1.500000 0.000000 0.000000
1490.000000 324.000000 -0.394791 3.250000 3.000000 -1.250000 0.000000 0.000000
1187.000000 792.000000 -0.298499 3.400368 3.250000 -1.000000 0.000000 0.000000
461.000000 138.000000 -1.107149 3.354102 1.500000 -3.000000 0.000000 0.000000
881.000000 84.000000 0.825377 4.422952 3.000000 3.250000 0.000000 0.000000
825.000000 612.000000 -0.197396 5.099020 5.000000 -1.000000 0.000000 0.000000
461.000000 671.000000 -0.927295 1.250000 0.750000 -1.000000 0.000000 0.000000
463.000000 610.000000 -1.019141 3.816084 2.000000 -3.250000 0.000000 0.000000
458.000000 78.000000 -0.785398 2.828427 2.000000 -2.000000 0.000000 0.000000
522.000000 612.000000 0.286051 4.430011 4.250000 1.250000 0.000000 0.000000
1971.000000 91.000000 0.735440 7.079901 5.250000 4.750000 0.000000 0.000000
1550.000000 146.000000 -0.244979 4.123106 4.000000 -1.000000 0.000000 0.000000
763.000000 201.000000 0.218669 4.609772 4.500000 1.000000 0.000000 0.000000
401.000000 196.000000 0.000000 5.750000 5.750000 0.000000 0.000000 0.000000
522.000000 197.000000 -1.212026 4.272002 1.500000 -4.000000 0.000000 0.000000
281.000000 494.000000 0.000000 1.750000 1.750000 0.000000 0.000000 0.000000
763.000000 435.000000 -1.212026 4.272002 1.500000 -4.000000 0.000000 0.000000
1426.000000 205.000000 0.551655 3.816084 3.250000 2.000000 0.000000 0.000000
1553.000000 1500.000000 -1.428899 1.767767 0.250000 -1.750000 0.000000 0.000000
892.000000 1437.000000 -0.283794 6.250000 6.000000 -1.750000 0.000000 0.000000
1428.000000 381.000000 0.165149 4.562072 4.500000 0.750000 0.000000 0.000000
881.000000 377.000000 0.071307 3.508917 3.500000 0.250000 0.000000 0.000000
1851.000000 88.000000 -0.367174 3.482097 3.250000 -1.250000 0.000000 0.000000
161.000000 550.000000 -1.107149 3.354102 1.500000 -3.000000 0.000000 0.000000
218.000000 433.000000 -1.975688 1.903943 -0.750000 -1.750000 0.000000 0.000000
1426.000000 143.000000 0.000000 3.750000 3.750000 0.000000 0.000000 0.000000
1607.000000 145.000000 0.152649 3.288237 3.250000 0.500000 0.000000 0.000000
1735.000000 912.000000 -0.039979 6.254998 6.250000 -0.250000 0.000000 0.000000
224.000000 1375.000000 -0.588003 2.704163 2.250000 -1.500000 0.000000 0.000000
98.000000 432.000000 0.558599 2.358495 2.000000 1.250000 0.000000 0.000000
101.000000 491.000000 -0.950547 2.150581 1.250000 -1.750000 0.000000 0.000000
1068.000000 320.000000 0.062419 8.015610 8.000000 0.500000 0.000000 0.000000
1790.000000 324.000000 0.052583 4.756574 4.750000 0.250000 0.000000 0.000000
1487.000000 205.000000 0.436627 4.138236 3.750000 1.750000 0.000000 0.000000
105.000000 1317.000000 -0.197396 3.824265 3.750000 -0.750000 0.000000 0.000000
1259.000000 1735.000000 -0.291457 2.610077 2.500000 -0.750000 0.000000 0.000000
1429.000000 676.000000 0.066568 3.758324 3.750000 0.250000 0.000000 0.000000
160.000000 195.000000 -0.110657 4.527693 4.500000 -0.500000 0.000000 0.000000
761.000000 257.000000 0.000000 4.250000 4.250000 0.000000 0.000000 0.000000
1006.000000 261.000000 0.273009 6.490377 6.250000 1.750000 0.000000 0.000000
100.000000 552.000000 0.000000 0.500000 0.500000 0.000000 0.000000 0.000000
101.000000 845.000000 0.000000 2.250000 2.250000 0.000000 0.000000 0.000000
1608.000000 206.000000 0.000000 1.500000 1.500000 0.000000 0.000000 0.000000
525.000000 553.000000 0.191184 7.893827 7.750000 1.500000 0.000000 0.000000
763.000000 552.000000 -0.412410 4.366062 4.000000 -1.750000 0.000000 0.000000
1006.000000 1026.000000 -0.493941 3.691206 3.250000 -1.750000 0.000000 0.000000
1853.000000 1146.000000 -1.107149 3.354102 1.500000 -3.000000 0.000000 0.000000
226.000000 1433.000000 -0.489957 4.250000 3.750000 -2.000000 0.000000 0.000000
517.000000 79.000000 0.528074 3.473111 3.000000 1.750000 0.000000 0.000000
459.000000 376.000000 -1.480136 2.761340 0.250000 -2.750000 0.000000 0.000000
944.000000 494.000000 -0.124355 4.031129 4.000000 -0.500000 0.000000 0.000000
344.000000 963.000000 -0.291457 5.220153 5.000000 -1.500000 0.000000 0.000000
579.000000 199.000000 -0.321751 0.790569 0.750000 -0.250000 0.000000 0.000000
1793.000000 618.000000 -0.927295 3.750000 2.250000 -3.000000 0.000000 0.000000
1974.000000 563.000000 -0.404892 1.903943 1.750000 -0.750000 0.000000 0.000000
1547.000000 205.000000 -0.785398 1.060660 0.750000 -0.750000 0.000000 0.000000
1366.000000 204.000000 -0.896055 1.600781 1.000000 -1.250000 0.000000 0.000000
1975.000000 502.000000 -0.049958 5.006246 5.000000 -0.250000 0.000000 0.000000
643.000000 435.000000 0.000000 5.250000 5.250000 0.000000 0.000000 0.000000
882.000000 142.000000 0.321751 3.952847 3.750000 1.250000 0.000000 0.000000
524.000000 1201.000000 1.428899 1.767767 0.250000 1.750000 0.000000 0.000000
1608.000000 322.000000 -0.132552 3.783186 3.750000 -0.500000 0.000000 0.000000
762.000000 141.000000 -0.785398 2.121320 1.500000 -1.500000 0.000000 0.000000
1004.000000 143.000000 -0.507099 2.573908 2.250000 -1.250000 0.000000 0.000000
583.000000 906.000000 0.141897 3.535534 3.500000 0.500000 0.000000 0.000000
704.000000 376.000000 -0.856706 4.962358 3.250000 -3.750000 0.000000 0.000000
1064.000000 142.000000 -0.909753 2.850439 1.750000 -2.250000 0.000000 0.000000
403.000000 1198.000000 -0.745419 4.422952 3.250000 -3.000000 0.000000 0.000000
102.000000 608.000000 -0.094952 5.273756 5.250000 -0.500000 0.000000 0.000000
580.000000 79.000000 0.233743 5.396758 5.250000 1.250000 0.000000 0.000000
523.000000 496.000000 0.266252 2.850439 2.750000 0.750000 0.000000 0.000000
1854.000000 444.000000 -0.141897 3.535534 3.500000 -0.500000 0.000000 0.000000
281.000000 962.000000 -0.885067 3.553168 2.250000 -2.750000 0.000000 0.000000
397.000000 494.000000 1.030377 1.457738 0.750000 1.250000 0.000000 0.000000
641.000000 139.000000 0.148890 5.055937 5.000000 0.750000 0.000000 0.000000
1969.000000 148.000000 0.785398 2.121320 1.500000 1.500000 0.000000 0.000000
1310.000000 441.000000 -0.124355 4.031129 4.000000 -0.500000 0.000000 0.000000
97.000000 195.000000 0.321751 1.581139 1.500000 0.500000 0.000000 0.000000
702.000000 437.000000 -0.982794 1.802776 1.000000 -1.500000 0.000000 0.000000
1183.000000 202.000000 0.000000 2.500000 2.500000 0.000000 0.000000 0.000000
520.000000 317.000000 0.071307 3.508917 3.500000 0.250000 0.000000 0.000000
764.000000 497.000000 -0.218669 2.304886 2.250000 -0.500000 0.000000 0.000000
821.000000 674.000000 1.012197 2.358495 1.250000 2.000000 0.000000 0.000000
519.000000 378.000000 0.674741 3.201562 2.500000 2.000000 0.000000 0.000000
578.000000 436.000000 1.212026 2.136001 0.750000 2.000000 0.000000 0.000000
1004.000000 497.000000 0.512389 4.589390 4.000000 2.250000 0.000000 0.000000
1551.000000 265.000000 0.269167 7.520804 7.250000 2.000000 0.000000 0.000000
1793.000000 444.000000 -0.179853 2.795085 2.750000 -0.500000 0.000000 0.000000
1971.000000 207.000000 -1.292497 1.820027 0.500000 -1.750000 0.000000 0.000000
1914.000000 563.000000 0.099669 2.512469 2.500000 0.250000 0.000000 0.000000
