1197.355333 1675.446178 -0.475002 5.276781 4.692599 -2.413283 0.000000 0.000000
1855.916133 913.146574 -0.583850 4.468433 3.728222 -2.463179 0.000000 0.000000
1979.553581 1502.760732 -0.003976 2.140988 2.140971 -0.008512 0.000000 0.000000
1866.729497 1738.684844 -0.159341 6.468417 6.386476 -1.026331 0.000000 0.000000
1731.147433 1031.810295 -0.920897 0.999028 0.604518 -0.795371 0.000000 0.000000
835.860265 1793.208215 -0.381988 5.209519 4.834044 -1.941932 0.000000 0.000000
1743.402193 1858.168266 0.144102 3.550886 3.514082 0.509922 0.000000 0.000000
1676.762479 1441.354792 -0.418643 5.243760 4.790915 -2.131700 0.000000 0.000000
1375.456768 1556.102436 -1.027806 2.356900 1.217808 -2.017901 0.000000 0.000000
346.232189 1433.277526 -0.716977 1.372430 1.034531 -0.901836 0.000000 0.000000
1856.644872 1090.233375 0.117225 7.428679 7.377696 0.868834 0.000000 0.000000
776.625541 1791.830443 -0.428226 6.263507 5.697937 -2.600966 0.000000 0.000000
287.791296 1491.415815 -0.550425 2.231141 1.901607 -1.166997 0.000000 0.000000
1859.748935 1499.611199 -0.606004 6.913548 5.682459 -3.937868 0.000000 0.000000
291.750998 1849.286468 -0.585511 4.505858 3.755317 -2.490050 0.000000 0.000000
1258.218635 1911.927851 -1.122343 3.406845 1.477112 -3.069973 0.000000 0.000000
591.945192 1731.162328 -0.847216 4.200868 2.781279 -3.148298 0.000000 0.000000
1074.093051 1556.974469 -0.414675 4.622307 4.230554 -1.862294 0.000000 0.000000
287.936008 1552.875093 -0.431356 3.094921 2.811425 -1.293996 0.000000 0.000000
1311.334372 852.664540 0.285378 7.296651 7.001541 2.054151 0.000000 0.000000
771.933649 1492.869188 -0.776217 3.806603 2.716275 -2.666848 0.000000 0.000000
1498.161541 1797.010043 -0.377146 0.600653 0.558439 -0.221201 0.000000 0.000000
1196.046307 1854.945312 -0.611979 2.037454 1.667682 -1.170494 0.000000 0.000000
824.747602 1026.450253 -0.654802 3.825027 3.033891 -2.329449 0.000000 0.000000
1982.837903 1740.901353 -0.182113 2.850338 2.803202 -0.516220 0.000000 0.000000
1502.990191 1911.650167 -0.806733 10.617673 7.345956 -7.666284 0.000000 0.000000
831.779737 1494.095774 -0.629877 5.589563 4.516924 -3.292508 0.000000 0.000000
896.561662 1732.589007 -0.601016 6.247620 5.152796 -3.532909 0.000000 0.000000
229.919455 1552.505600 0.249368 3.207456 3.108245 0.791573 0.000000 0.000000
414.626453 1672.522342 -0.110444 6.626395 6.586022 -0.730361 0.000000 0.000000
293.476836 1729.527971 -0.321232 3.885554 3.686797 -1.226808 0.000000 0.000000
1793.439186 1267.013403 0.047658 2.128402 2.125986 0.101398 0.000000 0.000000
775.406906 1852.156596 -0.406023 5.021315 4.613077 -1.983211 0.000000 0.000000
1138.988073 1734.453738 -0.488298 7.112556 6.281331 -3.336665 0.000000 0.000000
226.320295 1314.785782 -0.161973 2.803459 2.766765 -0.452101 0.000000 0.000000
1140.407165 1974.136258 -0.421545 6.914878 6.309535 -2.829365 0.000000 0.000000
408.688365 1493.768587 -0.411851 3.639130 3.334832 -1.456766 0.000000 0.000000
1442.308434 1973.243878 -0.711524 8.388458 6.353146 -5.477569 0.000000 0.000000
351.766196 1850.282001 0.879435 1.173185 0.748007 0.903797 0.000000 0.000000
946.426091 1026.535789 0.315685 3.944206 3.749299 1.224548 0.000000 0.000000
1918.893249 1499.755313 -0.831450 6.196988 4.175562 -4.579012 0.000000 0.000000
829.306565 1260.236401 -0.435400 7.011056 6.356934 -2.957075 0.000000 0.000000
1076.812623 1973.952847 -0.706612 1.845322 1.403489 -1.198095 0.000000 0.000000
534.614602 1730.791515 -0.241239 2.822757 2.741018 -0.674373 0.000000 0.000000
534.263290 1790.172037 -0.647417 5.983971 4.773079 -3.609103 0.000000 0.000000
1795.588994 797.332898 0.215620 6.565575 6.413542 1.404727 0.000000 0.000000
352.091735 1672.100737 0.555043 2.122849 1.804162 1.118699 0.000000 0.000000
714.642128 1675.461637 0.048758 4.883391 4.877587 0.238009 0.000000 0.000000
174.441568 1969.826748 -0.281719 5.270950 5.063164 -1.465360 0.000000 0.000000
1860.823169 1559.235345 -0.610047 6.706816 5.497050 -3.842373 0.000000 0.000000
529.273205 1492.163048 -0.651234 2.070199 1.646504 -1.254890 0.000000 0.000000
886.315414 789.384113 -0.997401 4.836566 2.623776 -4.063025 0.000000 0.000000
474.587127 1912.300937 -0.081356 4.694335 4.678808 -0.381493 0.000000 0.000000
231.784157 1789.148952 -0.587361 3.002978 2.499696 -1.664150 0.000000 0.000000
1625.354557 1976.492571 -0.057166 5.193080 5.184597 -0.296706 0.000000 0.000000
1259.266823 1673.436605 -0.635646 4.547414 3.659252 -2.699786 0.000000 0.000000
169.280438 1552.798691 0.432094 2.901887 2.635176 1.215233 0.000000 0.000000
1615.139960 561.347186 0.259775 10.213967 9.871266 2.623591 0.000000 0.000000
172.033778 1848.673318 -0.434942 2.205667 2.000307 -0.929375 0.000000 0.000000
1623.248455 1738.879584 -0.179127 6.334172 6.232823 -1.128564 0.000000 0.000000
1619.095611 1797.162110 -0.731175 5.317530 3.958317 -3.550754 0.000000 0.000000
1738.818632 1502.164707 0.745204 3.581255 2.632041 2.428528 0.000000 0.000000
1743.230299 1977.923371 -0.403423 4.497645 4.136587 -1.765633 0.000000 0.000000
414.710577 1971.809162 -0.131675 4.228015 4.191415 -0.555116 0.000000 0.000000
525.489288 1080.496812 -0.704778 7.122239 5.425403 -4.614248 0.000000 0.000000
955.312780 1614.890908 -0.458168 6.204566 5.564655 -2.744313 0.000000 0.000000
472.602546 1613.993402 -0.183988 5.877508 5.778306 -1.075302 0.000000 0.000000
1126.877119 616.213725 0.442138 5.560396 5.025702 2.379143 0.000000 0.000000
712.654331 1553.066213 -0.471095 3.059979 2.726661 -1.388810 0.000000 0.000000
1919.774060 1442.242022 -0.498681 7.320845 6.429270 -3.501322 0.000000 0.000000
1259.263019 1855.328783 -0.308974 5.314556 5.062890 -1.616059 0.000000 0.000000
1924.280515 1979.246606 -0.318740 4.251595 4.037447 -1.332322 0.000000 0.000000
1926.221942 1679.166562 -0.228017 6.740614 6.566144 -1.523691 0.000000 0.000000
1015.915439 1616.183051 -0.242581 5.480695 5.320227 -1.316510 0.000000 0.000000
1920.986359 1859.322974 0.026766 0.598183 0.597969 0.016009 0.000000 0.000000
1188.296877 731.921494 -0.026793 6.466495 6.464174 -0.173236 0.000000 0.000000
1199.779558 1914.785493 -0.367002 6.091564 5.685911 -2.185765 0.000000 0.000000
894.804653 1674.414526 -0.450659 4.674159 4.207492 -2.035872 0.000000 0.000000
1381.574783 1975.335333 -0.432776 6.025729 5.470187 -2.527145 0.000000 0.000000
589.550860 1434.613338 -0.067006 2.371819 2.366496 -0.158807 0.000000 0.000000
1923.105077 1799.147512 -0.527004 4.420061 3.820336 -2.223054 0.000000 0.000000
1801.166824 1618.923232 -0.642398 6.598455 5.283128 -3.953248 0.000000 0.000000
1492.391684 1203.481758 -0.392213 3.081387 2.847403 -1.177812 0.000000 0.000000
1433.562628 1262.690368 -0.306328 3.537279 3.372609 -1.066700 0.000000 0.000000
590.152663 1491.565618 -0.792788 6.755063 4.741123 -4.811718 0.000000 0.000000
596.075644 1972.171164 -0.226372 4.673380 4.554148 -1.048912 0.000000 0.000000
714.973981 1792.716053 0.615489 1.662588 1.357489 0.959908 0.000000 0.000000
710.558802 1613.475109 -0.875684 3.380633 2.165200 -2.596264 0.000000 0.000000
1740.965626 1917.029229 -0.869213 3.511555 2.266455 -2.682201 0.000000 0.000000
775.122188 1910.003280 -0.945752 2.150611 1.258394 -1.744010 0.000000 0.000000
1617.605124 1557.565730 -0.753701 3.632658 2.648793 -2.485981 0.000000 0.000000
1019.695268 1910.179634 -0.654092 6.281878 4.985302 -3.822141 0.000000 0.000000
595.771201 1910.434992 -0.054858 2.356102 2.352558 -0.129185 0.000000 0.000000
710.359581 1376.804525 -0.525933 6.336142 5.479851 -3.180870 0.000000 0.000000
959.236701 1969.635415 -0.717913 6.510113 4.903288 -4.282446 0.000000 0.000000
595.130862 1672.616962 0.107474 3.944419 3.921660 0.423105 0.000000 0.000000
233.267186 1729.147466 -0.175424 2.768164 2.725680 -0.483115 0.000000 0.000000
834.544012 1554.474468 -0.348753 6.047639 5.683569 -2.066635 0.000000 0.000000
1861.939802 1860.841883 -0.028734 3.442451 3.441030 -0.098902 0.000000 0.000000
473.279386 1849.358534 -0.782576 5.128200 3.636405 -3.615937 0.000000 0.000000
1134.681977 1557.803135 0.368407 2.026320 1.890359 0.729738 0.000000 0.000000
590.894116 1612.615509 -0.090838 0.533643 0.531443 -0.048408 0.000000 0.000000
282.329001 317.075179 0.303179 7.703934 7.352575 2.300053 0.000000 0.000000
587.759030 852.844294 0.598893 9.888079 8.167158 5.574195 0.000000 0.000000
839.047366 1910.706943 -0.253520 4.747933 4.596168 -1.190843 0.000000 0.000000
1370.569569 968.964339 -0.185128 5.268127 5.178109 -0.969716 0.000000 0.000000
413.054342 1909.755750 -0.670909 4.327030 3.389176 -2.690107 0.000000 0.000000
1803.403817 1920.226354 -0.032550 4.279012 4.276745 -0.139256 0.000000 0.000000
654.589139 1853.183129 1.081375 2.936818 1.380644 2.592050 0.000000 0.000000
352.702454 1611.379155 0.039378 3.156796 3.154349 0.124278 0.000000 0.000000
1621.684032 1857.226629 -0.302861 4.757974 4.541425 -1.419078 0.000000 0.000000
1380.236486 1915.434454 0.148258 2.106132 2.083027 0.311109 0.000000 0.000000
1801.571460 1559.455917 -0.454966 7.760246 6.970842 -3.410098 0.000000 0.000000
1075.067308 1734.630015 -0.839860 3.328505 2.221999 -2.478238 0.000000 0.000000
1735.044898 1266.409212 0.388917 2.705140 2.503121 1.025753 0.000000 0.000000
412.006163 1732.073626 -0.311967 3.393917 3.230099 -1.041698 0.000000 0.000000
653.022582 1673.378165 -0.434244 4.474808 4.059494 -1.882662 0.000000 0.000000
716.346687 1911.208492 -0.513765 5.899410 5.137799 -2.899320 0.000000 0.000000
1741.638933 1618.740432 -0.496415 6.872600 6.043048 -3.273255 0.000000 0.000000
349.655970 1552.396800 -0.486115 4.045236 3.576614 -1.889912 0.000000 0.000000
1620.347124 1499.970175 -0.299510 8.008294 7.651774 -2.362862 0.000000 0.000000
1740.925310 1678.040932 -0.776428 6.001750 4.281776 -4.205639 0.000000 0.000000
1921.253665 1738.884924 -0.925211 3.813420 2.294407 -3.045960 0.000000 0.000000
1493.842998 1438.723917 -1.270388 1.717655 0.508271 -1.640731 0.000000 0.000000
1859.745547 1622.010877 0.364255 1.670555 1.560949 0.595140 0.000000 0.000000
1979.402658 1385.057634 -0.415241 6.962478 6.370802 -2.808734 0.000000 0.000000
1312.654143 1380.369637 0.163957 1.459017 1.439450 0.238146 0.000000 0.000000
1608.575566 380.382643 -0.351010 3.835109 3.601267 -1.318686 0.000000 0.000000
946.463116 850.870660 -0.737595 2.550334 1.887472 -1.715125 0.000000 0.000000
887.368121 1143.306260 0.066237 3.238906 3.231804 0.214378 0.000000 0.000000
1375.712808 1500.439924 -0.070446 5.477698 5.464111 -0.385563 0.000000 0.000000
474.800521 1790.434302 -0.237829 2.822453 2.743007 -0.664950 0.000000 0.000000
896.493459 1912.123360 -0.661213 4.968313 3.921229 -3.050917 0.000000 0.000000
835.955743 1674.447488 0.416976 3.056128 2.794272 1.237724 0.000000 0.000000
1494.989636 677.663323 0.202049 9.625501 9.429693 1.931617 0.000000 0.000000
1804.371983 1798.276084 -0.155134 4.396191 4.343397 -0.679265 0.000000 0.000000
532.903577 1671.806733 -0.019664 1.675302 1.674978 -0.032941 0.000000 0.000000
592.779522 1850.379697 -0.375785 0.073966 0.068805 -0.027146 0.000000 0.000000
593.479992 1792.709916 -0.243665 4.084188 3.963542 -0.985356 0.000000 0.000000
1016.036176 1674.341429 -0.169559 1.755572 1.730396 -0.296249 0.000000 0.000000
1317.918947 1615.537527 -0.427042 3.429371 3.121396 -1.420379 0.000000 0.000000
888.505112 1261.066427 -0.338379 5.194970 4.900384 -1.724513 0.000000 0.000000
1552.293399 1265.684741 -0.179348 3.367396 3.313383 -0.600703 0.000000 0.000000
1019.208570 1853.953416 -0.288157 6.730415 6.452915 -1.912685 0.000000 0.000000
1676.540534 1498.331257 -0.927245 2.907619 1.744689 -2.326007 0.000000 0.000000
1311.089948 1085.869491 -0.412118 6.860646 6.286236 -2.748036 0.000000 0.000000
1252.215281 1321.502138 -0.401400 5.195247 4.782303 -2.029821 0.000000 0.000000
883.527859 969.173043 0.878323 3.300775 2.107357 2.540504 0.000000 0.000000
1011.378352 1319.953671 -0.431888 6.157511 5.592110 -2.577450 0.000000 0.000000
1380.227583 1793.434014 -0.638749 4.990108 4.006271 -2.975059 0.000000 0.000000
1675.067033 1381.828882 -0.642472 4.409272 3.530139 -2.641930 0.000000 0.000000
535.266881 1971.799454 0.708065 2.096138 1.592272 1.363255 0.000000 0.000000
1733.291002 1204.678021 -0.718820 3.330994 2.506850 -2.193451 0.000000 0.000000
1435.047060 1443.004151 0.221524 5.029948 4.907035 1.105162 0.000000 0.000000
1983.346174 1797.993496 -0.576682 3.070012 2.573518 -1.673911 0.000000 0.000000
1866.759022 1977.479643 -0.348876 5.740826 5.394985 -1.962453 0.000000 0.000000
1984.642090 1979.237783 -0.446091 4.829586 4.356965 -2.083688 0.000000 0.000000
710.558086 1435.091174 -0.556432 6.312865 5.360537 -3.334203 0.000000 0.000000
534.467509 1910.272545 -0.165858 1.606259 1.584217 -0.265191 0.000000 0.000000
1307.691332 613.547222 -1.240983 4.968333 1.609078 -4.700554 0.000000 0.000000
1861.115370 1679.481074 0.222771 0.722573 0.704717 0.159640 0.000000 0.000000
353.578717 1731.570206 -0.317748 5.924693 5.628111 -1.851040 0.000000 0.000000
645.800700 1024.623041 -0.119501 5.348118 5.309977 -0.637586 0.000000 0.000000
650.541106 1434.759689 -0.480281 6.345692 5.627773 -2.931890 0.000000 0.000000
1380.407316 1736.605951 -0.379314 6.336407 5.886007 -2.346268 0.000000 0.000000
160.824642 611.539194 0.071769 1.458532 1.454777 0.104588 0.000000 0.000000
409.248394 1434.360731 -0.403121 6.283745 5.780048 -2.465055 0.000000 0.000000
410.354021 1613.430071 0.728482 1.824487 1.361406 1.214630 0.000000 0.000000
657.664939 1971.630754 -0.293876 6.005037 5.747590 -1.739445 0.000000 0.000000
1983.806147 1622.507409 0.031707 5.020009 5.017486 0.159142 0.000000 0.000000
1366.734860 262.378643 -0.994276 2.366528 1.290018 -1.984013 0.000000 0.000000
466.724738 1375.367282 -0.620882 4.554278 3.704293 -2.649463 0.000000 0.000000
168.225655 1610.387033 -1.214339 0.684058 0.238707 -0.641058 0.000000 0.000000
1319.278699 1677.609967 0.563761 3.326642 2.811849 1.777653 0.000000 0.000000
1196.624022 1732.829018 -1.179406 3.317695 1.265614 -3.066810 0.000000 0.000000
1187.367929 495.909816 -0.870509 4.586219 2.955532 -3.506884 0.000000 0.000000
895.667412 1614.354251 -0.027864 3.652106 3.650689 -0.101749 0.000000 0.000000
412.656990 1850.584627 0.712171 1.065811 0.806760 0.696484 0.000000 0.000000
107.008113 1550.580396 -0.923699 3.318582 2.000683 -2.647688 0.000000 0.000000
1065.409610 437.090425 -0.901217 2.816220 1.747904 -2.208150 0.000000 0.000000
765.924338 1140.986457 -0.651339 5.477176 4.355849 -3.320548 0.000000 0.000000
1064.489495 377.321625 -1.031166 3.652386 1.876664 -3.133377 0.000000 0.000000
1312.863080 1497.658015 -0.750307 3.574783 2.614881 -2.437513 0.000000 0.000000
958.726419 1791.473860 -0.442606 4.592756 4.150192 -1.967058 0.000000 0.000000
112.619257 1729.765804 -0.305322 5.233892 4.991825 -1.573311 0.000000 0.000000
532.794487 1614.264727 -0.135398 5.438298 5.388525 -0.734089 0.000000 0.000000
1914.556224 796.294349 -0.893768 3.381531 2.118461 -2.635693 0.000000 0.000000
590.555601 1314.985122 -0.605261 8.837683 7.267698 -5.028439 0.000000 0.000000
775.985681 1615.572595 -0.081486 6.797514 6.774959 -0.553290 0.000000 0.000000
717.262720 1850.764500 -0.446754 7.221127 6.512403 -3.119821 0.000000 0.000000
1856.622065 1266.272964 -0.308496 5.968315 5.686558 -1.812137 0.000000 0.000000
231.532568 1851.542920 -0.228268 3.947888 3.845479 -0.893371 0.000000 0.000000
1793.532447 561.260686 0.221257 5.966290 5.820845 1.309341 0.000000 0.000000
1193.810208 1379.124795 -0.450133 6.522765 5.873027 -2.837961 0.000000 0.000000
1675.252443 795.185348 -0.422107 5.453543 4.974873 -2.234228 0.000000 0.000000
709.382970 1492.910183 -1.257611 2.381332 0.733667 -2.265497 0.000000 0.000000
1070.425094 1321.020984 -0.387076 4.881435 4.520290 -1.842657 0.000000 0.000000
1319.212971 1795.778767 -0.404869 6.077315 5.585988 -2.393847 0.000000 0.000000
463.954805 1082.171313 -0.018222 1.812666 1.812365 -0.033028 0.000000 0.000000
960.947722 1911.816649 -0.448895 9.552985 8.606545 -4.145710 0.000000 0.000000
1741.261164 1739.202831 -0.429937 3.102441 2.820095 -1.293139 0.000000 0.000000
1312.414267 912.840947 0.386301 7.576982 7.018627 2.854738 0.000000 0.000000
1073.512479 1497.518492 -0.297414 5.043967 4.822525 -1.478128 0.000000 0.000000
649.822483 1552.773747 -1.371987 1.214873 0.239940 -1.190943 0.000000 0.000000
1249.063060 1027.605914 -0.246982 4.310337 4.179539 -1.053785 0.000000 0.000000
654.171356 1614.882428 0.440990 3.919646 3.544651 1.673044 0.000000 0.000000
1917.478238 1092.386721 0.262834 7.526279 7.267807 1.955468 0.000000 0.000000
232.381045 1971.031807 1.451891 2.201975 0.261210 2.186427 0.000000 0.000000
466.836730 1434.146483 -0.710428 3.722184 2.821724 -2.427452 0.000000 0.000000
883.239589 1028.236000 0.993000 1.558802 0.851385 1.305758 0.000000 0.000000
582.200152 552.632631 -0.945979 2.588657 1.514232 -2.099583 0.000000 0.000000
1801.592943 1681.510971 0.171239 3.047436 3.002866 0.519294 0.000000 0.000000
1984.637420 1857.836849 -0.285564 4.320724 4.145747 -1.217142 0.000000 0.000000
884.847366 553.654004 -0.928452 3.947141 2.364629 -3.160451 0.000000 0.000000
1019.458786 1732.615951 -0.387894 4.819462 4.461413 -1.822912 0.000000 0.000000
953.332195 1437.073930 -0.299469 6.928375 6.620015 -2.043962 0.000000 0.000000
1671.401998 264.429313 -0.255936 4.681584 4.529089 -1.185150 0.000000 0.000000
1738.619836 1560.081942 -0.129187 2.985088 2.960213 -0.384564 0.000000 0.000000
1980.633214 1560.670578 -0.391055 2.400521 2.219299 -0.914992 0.000000 0.000000
758.821377 79.483182 -1.733881 2.746240 -0.445887 -2.709800 0.000000 0.000000
951.969242 1494.719013 -0.704946 1.932488 1.471873 -1.252238 0.000000 0.000000
956.049238 1555.731801 -0.029930 4.803724 4.801572 -0.143755 0.000000 0.000000
892.957594 1553.807125 -0.508074 1.940095 1.695029 -0.943847 0.000000 0.000000
1246.150642 616.426509 -1.380674 1.785766 0.337472 -1.753589 0.000000 0.000000
1670.258840 381.278490 -0.127468 4.588552 4.551325 -0.583311 0.000000 0.000000
1736.490886 1438.419019 -0.955516 4.147661 2.393978 -3.387028 0.000000 0.000000
1435.936337 1494.181956 -1.078058 5.003654 2.366929 -4.408424 0.000000 0.000000
224.837742 492.252115 0.086710 7.959999 7.930093 0.689344 0.000000 0.000000
1191.543528 1439.479643 -0.285005 3.612152 3.466439 -1.015600 0.000000 0.000000
1132.921473 1379.567025 0.050882 3.307351 3.303070 0.168211 0.000000 0.000000
115.731562 1968.882368 -0.275707 6.601865 6.352533 -1.797207 0.000000 0.000000
1674.067867 676.251577 -0.174230 6.799710 6.696765 -1.178727 0.000000 0.000000
1613.427144 853.364446 -0.023376 5.257106 5.255670 -0.122879 0.000000 0.000000
1796.765282 973.510645 0.249716 7.700450 7.461602 1.903003 0.000000 0.000000
825.106758 1083.781353 -0.664142 4.637385 3.651689 -2.858410 0.000000 0.000000
1612.036598 1146.617524 0.070494 3.682265 3.673120 0.259361 0.000000 0.000000
1976.748839 443.647351 0.243979 9.362691 9.085409 2.261709 0.000000 0.000000
900.899393 1973.498146 -0.247734 9.044203 8.768089 -2.217705 0.000000 0.000000
220.924438 551.562344 0.243724 4.383605 4.254052 1.057842 0.000000 0.000000
349.587737 1493.912789 -0.268997 5.436435 5.240930 -1.444810 0.000000 0.000000
167.258593 1491.246973 -0.613428 4.754094 3.887324 -2.736809 0.000000 0.000000
946.734724 911.582148 0.187624 2.167283 2.129247 0.404252 0.000000 0.000000
402.470294 785.439340 -1.250199 5.472674 1.724623 -5.193827 0.000000 0.000000
1560.601321 1855.166299 -0.715712 6.803361 5.133994 -4.464060 0.000000 0.000000
1558.787780 1559.892176 -0.287955 6.271955 6.013717 -1.781187 0.000000 0.000000
1013.264880 1495.954055 -0.166651 2.612240 2.576049 -0.433320 0.000000 0.000000
1127.822566 673.500080 0.128841 6.128465 6.077669 0.787415 0.000000 0.000000
945.764973 790.985119 -0.076082 4.192253 4.180126 -0.318646 0.000000 0.000000
1015.610423 1555.147747 -0.475643 7.210962 6.410535 -3.301971 0.000000 0.000000
1431.146173 1206.089316 -0.110617 4.657562 4.629096 -0.514157 0.000000 0.000000
232.527179 1910.884715 -0.165487 3.878262 3.825279 -0.638875 0.000000 0.000000
414.128080 1789.972053 -0.230452 2.748443 2.675783 -0.627792 0.000000 0.000000
1793.101285 1089.636086 -0.297076 4.062140 3.884205 -1.189090 0.000000 0.000000
1496.446216 1558.538275 -0.551727 3.679749 3.133750 -1.928774 0.000000 0.000000
885.093398 731.596129 -0.129093 4.555800 4.517892 -0.586489 0.000000 0.000000
1489.967605 969.250869 -0.078807 4.138513 4.125669 -0.325805 0.000000 0.000000
354.375954 1910.162246 0.175176 2.462975 2.425281 0.429251 0.000000 0.000000
1370.948184 1087.968931 0.209265 3.915985 3.830553 0.813510 0.000000 0.000000
1671.729975 1148.062854 -0.165023 4.876381 4.810134 -0.801066 0.000000 0.000000
1488.212680 501.818478 0.572093 4.645346 3.905666 2.514958 0.000000 0.000000
1801.659243 1857.161211 -0.753598 4.441653 3.238994 -3.039276 0.000000 0.000000
1374.399909 563.156341 0.500844 12.161190 10.667522 5.839394 0.000000 0.000000
1802.040755 1738.410708 -0.267438 1.513315 1.459519 -0.399911 0.000000 0.000000
1736.867560 1384.568988 -0.135454 5.444472 5.394601 -0.735223 0.000000 0.000000
1019.824087 1973.501302 0.139711 3.535512 3.501063 0.492343 0.000000 0.000000
1315.704692 1736.741615 -0.912032 1.534792 0.939508 -1.213636 0.000000 0.000000
474.972584 1970.520725 0.312555 1.544694 1.469855 0.474979 0.000000 0.000000
229.730885 1611.467128 -0.429314 3.885411 3.532815 -1.617293 0.000000 0.000000
1438.941128 1797.487234 1.286319 2.228297 0.625384 2.138739 0.000000 0.000000
1248.871120 1203.517356 -0.202427 0.864047 0.846405 -0.173715 0.000000 0.000000
709.095530 1319.055127 0.156723 2.942416 2.906354 0.459259 0.000000 0.000000
1740.702038 1797.176154 -0.906942 1.194981 0.736296 -0.941194 0.000000 0.000000
1307.191705 260.987448 -0.028971 4.901581 4.899524 -0.141983 0.000000 0.000000
1672.921003 90.428747 0.568505 12.226756 10.303567 6.582557 0.000000 0.000000
113.194262 1909.675252 0.423045 2.876522 2.622936 1.180924 0.000000 0.000000
1075.033306 1616.006434 0.094426 1.677481 1.670008 0.158162 0.000000 0.000000
1495.257244 1264.953144 0.280026 4.411478 4.239642 1.219249 0.000000 0.000000
835.857114 1733.047041 -0.445206 4.961453 4.477821 -2.136618 0.000000 0.000000
1246.422441 556.610339 -1.119974 2.518221 1.097204 -2.266624 0.000000 0.000000
836.936085 1972.930491 -0.399921 4.509144 4.153335 -1.755617 0.000000 0.000000
705.104080 908.829072 -0.373904 2.171434 2.021406 -0.793122 0.000000 0.000000
1438.816077 1558.947387 0.323260 3.716166 3.523687 1.180476 0.000000 0.000000
1377.336698 1856.435007 1.925930 2.875018 -0.999689 2.695617 0.000000 0.000000
1136.978034 1914.654861 -0.376816 2.995419 2.785264 -1.102198 0.000000 0.000000
1679.603669 1857.243424 1.217332 0.107421 0.037184 0.100780 0.000000 0.000000
1007.303824 792.322301 0.125403 5.538899 5.495404 0.692775 0.000000 0.000000
1078.612873 1675.640292 0.147086 4.044285 4.000616 0.592716 0.000000 0.000000
292.651995 1909.913934 0.583292 1.290260 1.076921 0.710643 0.000000 0.000000
1079.429334 1913.978483 0.204214 3.650748 3.574888 0.740364 0.000000 0.000000
1441.345624 1734.191863 -0.668368 5.676950 4.455463 -3.518040 0.000000 0.000000
1249.035912 792.703254 0.209905 6.836846 6.686783 1.424570 0.000000 0.000000
1981.816854 1680.837337 -0.625167 3.019143 2.448119 -1.766901 0.000000 0.000000
346.303555 1257.540700 -0.425293 6.522612 5.941563 -2.691152 0.000000 0.000000
1317.021351 1559.603924 -0.018960 5.797623 5.796581 -0.109916 0.000000 0.000000
1855.084496 1325.147554 -0.322871 1.684260 1.597231 -0.534400 0.000000 0.000000
1490.207580 1146.915777 -0.251987 3.376389 3.269759 -0.841832 0.000000 0.000000
1859.090215 799.196187 0.303586 9.689825 9.246714 2.896719 0.000000 0.000000
397.364152 78.558507 -1.477783 2.309349 0.214490 -2.299367 0.000000 0.000000
774.617997 1672.499600 -0.104024 1.454692 1.446829 -0.151050 0.000000 0.000000
1613.386158 796.314649 0.246033 6.410609 6.217562 1.561355 0.000000 0.000000
1555.319369 1379.864635 -0.733652 4.284600 3.182317 -2.868912 0.000000 0.000000
1189.060375 1203.442562 -0.523883 4.871776 4.218390 -2.437086 0.000000 0.000000
106.117638 1492.517732 -0.492937 3.014889 2.655958 -1.426691 0.000000 0.000000
1498.906422 1498.930217 0.047552 4.170161 4.165447 0.198226 0.000000 0.000000
1920.230873 1560.909119 -0.378891 3.214980 2.986959 -1.189192 0.000000 0.000000
766.777583 1199.946720 -0.372079 2.723840 2.537457 -0.990261 0.000000 0.000000
1316.882821 1854.588028 -0.832431 0.748295 0.503662 -0.553416 0.000000 0.000000
110.025334 1669.015596 -1.164238 1.233564 0.487813 -1.133013 0.000000 0.000000
1855.636932 972.502749 -0.403776 3.908368 3.594072 -1.535572 0.000000 0.000000
1126.898866 791.804692 -1.189131 3.596991 1.339760 -3.338171 0.000000 0.000000
292.023744 1671.117012 0.553854 1.833144 1.559096 0.964177 0.000000 0.000000
776.183958 1732.402776 0.201483 2.178540 2.134470 0.435974 0.000000 0.000000
1432.735477 733.289612 -0.650126 6.398602 5.093336 -3.872987 0.000000 0.000000
1369.325297 499.374335 -0.468529 2.964745 2.645244 -1.338803 0.000000 0.000000
1735.567912 620.824915 0.018032 5.686947 5.686022 0.102540 0.000000 0.000000
1066.931414 733.887413 -0.559870 3.024171 2.562453 -1.606065 0.000000 0.000000
1499.282854 1738.527634 1.416769 2.048431 0.314269 2.024180 0.000000 0.000000
532.541065 1852.537614 -0.234202 2.975532 2.894299 -0.690523 0.000000 0.000000
1128.950103 322.665101 0.319235 8.216658 7.801517 2.578722 0.000000 0.000000
703.135368 791.730503 0.474817 4.509382 4.010539 2.061579 0.000000 0.000000
461.520180 965.128119 -0.237297 3.250506 3.159417 -0.764118 0.000000 0.000000
292.664447 1791.849150 -0.129464 5.599325 5.552465 -0.722889 0.000000 0.000000
354.278188 1969.553539 -0.551351 4.874059 4.151809 -2.553219 0.000000 0.000000
170.901216 1790.680182 1.072319 1.395369 0.667110 1.225568 0.000000 0.000000
951.191458 1378.469168 -0.410338 5.924480 5.432665 -2.363392 0.000000 0.000000
1916.061806 970.716363 -0.888040 4.798424 3.027490 -3.722791 0.000000 0.000000
1312.297620 1323.222106 -0.165111 4.635002 4.571966 -0.761819 0.000000 0.000000
471.430124 1552.917704 -0.069648 3.504222 3.495726 -0.243864 0.000000 0.000000
1612.124337 910.322245 -1.189304 4.391446 1.634959 -4.075746 0.000000 0.000000
585.206364 728.620268 -0.783040 5.088183 3.606364 -3.589394 0.000000 0.000000
1318.530487 1916.050830 1.633537 2.427280 -0.152188 2.422505 0.000000 0.000000
1128.765199 968.713712 0.055191 4.450669 4.443892 0.245513 0.000000 0.000000
826.162860 1201.472004 -0.223039 2.301366 2.244360 -0.509050 0.000000 0.000000
646.297209 731.320861 0.166600 6.995937 6.899074 1.160138 0.000000 0.000000
1065.958498 1086.243054 -0.031005 2.594240 2.592994 -0.080421 0.000000 0.000000
1975.679554 794.139030 -1.057603 6.203981 3.045918 -5.404791 0.000000 0.000000
527.179361 1375.378177 -0.688315 4.647697 3.589498 -2.952387 0.000000 0.000000
1612.345326 619.407989 0.256361 6.704525 6.485415 1.700015 0.000000 0.000000
1130.534214 1263.366354 -0.258686 5.851974 5.657261 -1.496996 0.000000 0.000000
285.426183 905.172654 -0.000896 7.276501 7.276498 -0.006519 0.000000 0.000000
1920.295802 1620.615017 0.272716 0.617469 0.594649 0.166314 0.000000 0.000000
1378.818148 1619.409855 0.760571 3.675945 2.663012 2.533957 0.000000 0.000000
1011.602451 1436.756898 -0.181866 2.049485 2.015685 -0.370680 0.000000 0.000000
528.024426 1433.214907 -0.747025 1.532886 1.124699 -1.041534 0.000000 0.000000
1554.449854 677.104640 -0.261133 6.035901 5.831272 -1.558322 0.000000 0.000000
1318.483596 1974.321185 -0.707813 0.666071 0.506071 -0.433062 0.000000 0.000000
1732.696974 384.866744 0.068491 4.149294 4.139566 0.283967 0.000000 0.000000
1189.267243 1142.700204 -0.774406 6.181651 4.418871 -4.322776 0.000000 0.000000
1069.539671 264.341619 0.447952 9.884406 8.909171 4.281140 0.000000 0.000000
1561.100004 1679.441038 1.015297 3.090302 1.629726 2.625635 0.000000 0.000000
283.704616 1080.732780 -0.586293 5.621615 4.682790 -3.110311 0.000000 0.000000
220.490301 315.161405 0.103813 5.481829 5.452316 0.568064 0.000000 0.000000
829.273490 1319.575491 -0.395285 5.135188 4.739198 -1.977412 0.000000 0.000000
351.631116 1792.341998 -0.043318 3.716560 3.713074 -0.160944 0.000000 0.000000
472.682566 1730.690981 -0.337340 1.095317 1.033583 -0.362526 0.000000 0.000000
171.358638 1726.788416 -0.984296 5.019242 2.777897 -4.180440 0.000000 0.000000
763.507973 967.280913 -0.817881 0.973998 0.665990 -0.710725 0.000000 0.000000
1552.110009 616.801212 -0.681838 4.906617 3.809574 -3.092254 0.000000 0.000000
1493.650477 915.194624 0.374111 7.176184 6.679827 2.622503 0.000000 0.000000
1014.602399 1793.794498 -0.883451 2.953973 1.874258 -2.283224 0.000000 0.000000
948.217190 1085.923733 0.089111 3.977530 3.961748 0.353974 0.000000 0.000000
99.517822 672.385248 1.076543 5.172062 2.453493 4.553087 0.000000 0.000000
585.960062 1199.531202 0.038852 2.084486 2.082913 0.080966 0.000000 0.000000
164.172946 786.808371 -0.265074 5.634691 5.437889 -1.476179 0.000000 0.000000
894.434853 1793.408194 0.235092 0.369075 0.358923 0.085969 0.000000 0.000000
1257.116720 1619.519825 0.142021 5.285870 5.232652 0.748181 0.000000 0.000000
1612.277051 502.565742 0.050200 3.626548 3.621979 0.181977 0.000000 0.000000
1066.041750 616.632978 0.546838 6.303954 5.384667 3.277988 0.000000 0.000000
1558.802990 1617.240331 -0.592984 3.284304 2.723596 -1.835395 0.000000 0.000000
713.761178 1732.140759 0.142830 0.274806 0.272008 0.039117 0.000000 0.000000
1372.085057 795.579518 0.186774 6.359677 6.249072 1.180930 0.000000 0.000000
401.926563 315.940736 -0.658475 4.453820 3.522644 -2.725342 0.000000 0.000000
830.779053 1437.572277 0.488248 2.837245 2.505731 1.330892 0.000000 0.000000
1915.028846 912.834453 -0.189528 4.540199 4.458898 -0.855353 0.000000 0.000000
1079.323722 1794.394080 -0.320128 6.867226 6.518339 -2.161031 0.000000 0.000000
1199.225535 1794.379229 -0.112466 3.148567 3.128676 -0.353362 0.000000 0.000000
825.841779 495.330228 -0.532459 4.315256 3.717859 -2.190654 0.000000 0.000000
1186.419625 614.194990 -0.496499 3.187438 2.802573 -1.518337 0.000000 0.000000
1247.353511 498.641055 0.189594 4.369689 4.291388 0.823513 0.000000 0.000000
655.227496 1734.301772 -0.084114 5.504551 5.485090 -0.462462 0.000000 0.000000
1492.027245 794.079281 -0.688464 4.337520 3.349531 -2.755852 0.000000 0.000000
1616.113499 1319.182223 -0.831058 6.450801 4.348452 -4.764850 0.000000 0.000000
471.982269 1674.241905 0.133674 3.512986 3.481647 0.468198 0.000000 0.000000
1372.675523 911.959259 0.199806 8.302466 8.137289 1.647867 0.000000 0.000000
523.904300 1141.533160 -0.582025 3.609637 3.015315 -1.984277 0.000000 0.000000
338.976158 78.594420 0.071641 3.503795 3.494807 0.250802 0.000000 0.000000
222.051677 671.450327 0.078730 2.231813 2.224900 0.175528 0.000000 0.000000
1734.181486 267.998272 0.459658 10.184855 9.127710 4.518425 0.000000 0.000000
99.460323 314.625119 -0.969007 2.059924 1.166161 -1.698045 0.000000 0.000000
103.990109 1136.897943 -0.422822 2.310859 2.107352 -0.948227 0.000000 0.000000
166.564743 1373.839847 0.125506 2.078816 2.062465 0.260219 0.000000 0.000000
1681.478766 1680.162560 -0.112213 4.309614 4.282509 -0.482581 0.000000 0.000000
1861.687379 1918.907338 -0.643296 1.327523 1.062182 -0.796296 0.000000 0.000000
1194.186238 1557.871576 0.809785 1.272120 0.877323 0.921192 0.000000 0.000000
1498.120274 1384.210270 -0.017098 8.272129 8.270920 -0.141434 0.000000 0.000000
228.524435 1492.396124 0.264862 2.687235 2.593527 0.703455 0.000000 0.000000
230.746876 1670.709136 -0.300884 2.557530 2.442632 -0.757962 0.000000 0.000000
1731.508271 150.448875 0.666797 9.887293 7.769500 6.115018 0.000000 0.000000
286.517195 1374.079833 -0.585568 5.384364 4.487320 -2.975792 0.000000 0.000000
1432.839680 1381.270766 -0.663905 3.837439 3.022336 -2.364620 0.000000 0.000000
1797.593901 1500.976942 -0.238717 2.419960 2.351335 -0.572215 0.000000 0.000000
1676.446639 1263.657218 -0.347339 5.289129 4.973271 -1.800404 0.000000 0.000000
1439.251462 1679.667551 -0.033381 4.560346 4.557805 -0.152199 0.000000 0.000000
173.927511 1909.862974 -0.307079 6.093055 5.808026 -1.841782 0.000000 0.000000
1613.545660 676.718084 -0.537797 5.035543 4.324722 -2.579432 0.000000 0.000000
411.490574 1552.581207 0.033886 2.957987 2.956289 0.100216 0.000000 0.000000
1557.561929 738.873141 0.305355 12.083194 11.524228 3.632596 0.000000 0.000000
342.447292 254.848990 -0.683910 5.524450 4.282047 -3.490505 0.000000 0.000000
1012.656786 1379.667324 -0.220319 6.458573 6.302454 -1.411464 0.000000 0.000000
642.765945 258.570087 -0.022238 4.564572 4.563444 -0.101498 0.000000 0.000000
340.445416 490.679118 -1.233931 4.497259 1.486482 -4.244492 0.000000 0.000000
345.300346 1373.757224 -1.264010 1.602108 0.483831 -1.527304 0.000000 0.000000
1433.029236 1146.869459 -0.088996 5.979848 5.956183 -0.531481 0.000000 0.000000
1067.655680 1203.083801 0.533880 1.202722 1.035350 0.612037 0.000000 0.000000
1064.364944 792.674140 -1.709857 2.084935 -0.288999 -2.064808 0.000000 0.000000
294.510506 1971.374231 0.822569 3.082606 2.097221 2.259230 0.000000 0.000000
1430.770442 1029.735103 0.396725 4.472922 4.125517 1.728335 0.000000 0.000000
1007.781893 1260.926161 -0.586985 1.073473 0.893789 -0.594546 0.000000 0.000000
832.377258 1612.984072 -1.277531 0.709302 0.205045 -0.679018 0.000000 0.000000
649.935074 1376.150827 -0.348932 3.132882 2.944090 -1.071114 0.000000 0.000000
468.028933 1315.944326 -0.067515 3.126748 3.119624 -0.210941 0.000000 0.000000
1128.860684 1144.806390 0.190926 2.082480 2.044640 0.395188 0.000000 0.000000
1561.850571 1975.876344 -0.320058 1.769561 1.679698 -0.556742 0.000000 0.000000
1314.897605 1438.416218 -0.076201 3.224498 3.215141 -0.245472 0.000000 0.000000
1618.947047 1618.993889 0.881470 1.443809 0.918287 1.114151 0.000000 0.000000
1794.227940 149.303784 0.321808 8.791751 8.340427 2.780677 0.000000 0.000000
1312.026809 501.943475 0.439900 9.274506 8.391519 3.949540 0.000000 0.000000
1798.934388 738.582710 0.171195 10.898736 10.739418 1.856705 0.000000 0.000000
1733.822912 502.226908 0.289046 7.283846 6.981684 2.076175 0.000000 0.000000
161.232607 434.298745 0.426414 5.789802 5.271354 2.394710 0.000000 0.000000
1915.678795 1385.077895 -0.547491 1.850466 1.579990 -0.963254 0.000000 0.000000
1982.758148 1919.012840 -0.506957 3.622480 3.166865 -1.758785 0.000000 0.000000
1679.211105 1618.022347 -0.670473 2.380118 1.864889 -1.478902 0.000000 0.000000
1371.003635 674.977307 -0.702220 4.978025 3.800276 -3.215375 0.000000 0.000000
1731.208772 322.766593 -0.626653 4.429753 3.588078 -2.597770 0.000000 0.000000
1069.455306 1261.225581 -0.535793 5.664797 4.870955 -2.892009 0.000000 0.000000
943.286443 200.299006 0.069063 4.355467 4.345084 0.300562 0.000000 0.000000
1796.618786 1380.690674 -0.836936 4.225045 2.829688 -3.137495 0.000000 0.000000
823.550585 554.921363 -0.890037 2.243243 1.411860 -1.743212 0.000000 0.000000
1369.986780 735.209529 -0.773463 3.617450 2.588269 -2.527213 0.000000 0.000000
1186.558197 322.080147 -0.274414 2.239433 2.155643 -0.606849 0.000000 0.000000
1310.985852 1263.414785 -0.410749 4.774563 4.377425 -1.906463 0.000000 0.000000
826.259436 1142.896369 0.101644 2.506124 2.493189 0.254293 0.000000 0.000000
341.381481 788.956712 -0.891479 1.436775 0.902671 -1.117813 0.000000 0.000000
1680.844601 1799.081940 -0.154294 3.952132 3.905182 -0.607376 0.000000 0.000000
1434.013477 855.959487 0.329671 7.422432 7.022725 2.402878 0.000000 0.000000
1438.945237 1855.877160 0.200218 1.415275 1.387003 0.281474 0.000000 0.000000
1679.015209 857.634037 0.370962 11.444619 10.666146 4.148810 0.000000 0.000000
887.081312 1201.647451 -0.475950 5.564444 4.946001 -2.549532 0.000000 0.000000
1072.674146 1437.952783 0.154485 2.964655 2.929349 0.456175 0.000000 0.000000
765.425557 1084.409104 -0.396061 4.728958 4.362880 -1.824371 0.000000 0.000000
1191.927065 1320.874221 -0.004272 2.204583 2.204563 -0.009418 0.000000 0.000000
1857.021010 1034.200179 0.447182 8.170753 7.367318 3.533247 0.000000 0.000000
1678.859623 1559.253115 0.190256 2.256458 2.215742 0.426719 0.000000 0.000000
1428.889781 795.105092 -1.216951 1.694004 0.586986 -1.589056 0.000000 0.000000
1857.227759 736.781221 -0.422575 6.719837 6.128732 -2.755875 0.000000 0.000000
1913.443695 148.683220 -0.240788 4.039375 3.922841 -0.963260 0.000000 0.000000
1127.821754 262.068647 -0.212987 4.409414 4.309779 -0.932062 0.000000 0.000000
1004.264516 849.460793 -0.483961 2.516504 2.227506 -1.170902 0.000000 0.000000
768.667883 1258.263371 -0.471050 4.155196 3.702662 -1.885721 0.000000 0.000000
340.209452 671.533889 0.704074 3.423094 2.609122 2.215865 0.000000 0.000000
951.210805 1320.307975 0.132783 3.454758 3.424347 0.457385 0.000000 0.000000
1499.347951 1676.234318 -0.742747 2.998753 2.208922 -2.028098 0.000000 0.000000
590.182498 1554.946139 -0.233839 3.704141 3.603329 -0.858301 0.000000 0.000000
1188.754843 910.941459 -0.433024 2.953508 2.680902 -1.239344 0.000000 0.000000
1680.429163 1738.607281 -0.552387 4.614537 3.928238 -2.421342 0.000000 0.000000
584.035092 1142.017025 1.166872 1.065727 0.418862 0.979964 0.000000 0.000000
834.630022 1851.149304 -1.005421 1.142470 0.612058 -0.964687 0.000000 0.000000
1673.715518 1207.032725 -0.170572 5.160274 5.085387 -0.875935 0.000000 0.000000
1247.312857 852.037091 0.300793 2.459249 2.348833 0.728621 0.000000 0.000000
705.302545 731.235896 0.142799 5.926708 5.866383 0.843455 0.000000 0.000000
283.799572 553.324207 0.360366 7.982279 7.469560 2.814684 0.000000 0.000000
1250.479985 911.538439 -0.035706 3.551333 3.549069 -0.126776 0.000000 0.000000
1733.777018 1150.051633 0.020121 6.400668 6.399373 0.128778 0.000000 0.000000
408.791884 1375.656363 0.016069 3.608782 3.608316 0.057989 0.000000 0.000000
462.094440 198.129751 -0.136090 3.625958 3.592432 -0.491935 0.000000 0.000000
705.954817 1199.741720 -0.528364 4.963308 4.286477 -2.502108 0.000000 0.000000
97.205931 76.292731 -1.231310 1.941322 0.646466 -1.830522 0.000000 0.000000
1974.786448 914.239391 0.114529 3.813165 3.788184 0.435764 0.000000 0.000000
1309.444232 1028.515209 -0.507215 4.799564 4.195303 -2.331362 0.000000 0.000000
403.088142 964.042664 -0.208775 5.922063 5.793468 -1.227418 0.000000 0.000000
1672.776670 736.761549 -0.583102 3.674162 3.067038 -2.023053 0.000000 0.000000
956.633300 1674.861264 -0.331683 5.820771 5.503514 -1.895444 0.000000 0.000000
1856.754983 269.667591 0.457979 12.370373 11.095581 5.469389 0.000000 0.000000
468.796084 1492.389291 -0.543774 1.328115 1.136550 -0.687125 0.000000 0.000000
716.859021 1971.895436 0.217870 2.302532 2.248100 0.497694 0.000000 0.000000
1127.316309 438.786289 -0.283584 3.749074 3.599332 -1.048985 0.000000 0.000000
102.696304 1023.893270 0.169963 3.976204 3.918911 0.672557 0.000000 0.000000
1795.382138 677.379392 -0.489545 5.496307 4.850750 -2.584496 0.000000 0.000000
341.385090 1082.346584 -0.719737 2.755035 2.071729 -1.816082 0.000000 0.000000
1436.038828 1619.026175 -0.301885 1.801849 1.720365 -0.535726 0.000000 0.000000
583.569167 1082.642759 -0.743239 3.995197 2.941587 -2.703455 0.000000 0.000000
705.761326 1142.163001 -0.366847 4.743294 4.427689 -1.701295 0.000000 0.000000
954.303372 1852.330309 -1.074048 3.303436 1.574317 -2.904173 0.000000 0.000000
1500.757113 1856.350200 -0.444264 5.482679 4.950461 -2.356418 0.000000 0.000000
1377.043869 1676.876149 -0.611667 2.476167 2.027218 -1.421897 0.000000 0.000000
1125.162218 141.508725 -0.066011 5.071975 5.060929 -0.334562 0.000000 0.000000
1433.935514 1324.031697 0.463081 2.684521 2.401788 1.199194 0.000000 0.000000
1560.607815 1916.714079 -0.482466 3.210753 2.844258 -1.489677 0.000000 0.000000
343.249774 1023.012422 -0.450722 4.669066 4.202780 -2.033917 0.000000 0.000000
1684.037501 1977.372237 -0.303094 5.478927 5.229185 -1.635320 0.000000 0.000000
1978.156656 1094.792924 0.470708 5.676367 5.059048 2.574330 0.000000 0.000000
1427.088962 85.492891 -0.081102 2.859042 2.849645 -0.231619 0.000000 0.000000
1614.763440 1440.526396 -0.722707 3.293491 2.470178 -2.178371 0.000000 0.000000
1370.938010 1204.142443 -0.430468 5.002722 4.546326 -2.087616 0.000000 0.000000
286.073190 1255.541363 -0.430652 3.436245 3.122494 -1.434506 0.000000 0.000000
1130.352533 1320.319098 -0.506410 1.700029 1.486661 -0.824584 0.000000 0.000000
1372.061362 1439.587347 -0.613238 3.176453 2.597669 -1.828106 0.000000 0.000000
656.729944 1911.146545 -0.384045 5.882251 5.453768 -2.203926 0.000000 0.000000
947.196350 1201.796504 -0.523453 4.492112 3.890611 -2.245487 0.000000 0.000000
1132.018739 1500.121846 0.313494 2.838427 2.700088 0.875325 0.000000 0.000000
1008.047443 908.631330 -0.722445 4.090624 3.068750 -2.704807 0.000000 0.000000
110.587975 1849.721563 1.818037 2.128719 -0.520960 2.063988 0.000000 0.000000
1188.808174 1027.368120 0.222836 3.980916 3.882486 0.879769 0.000000 0.000000
1735.547242 796.871932 -0.180313 4.813048 4.735017 -0.863158 0.000000 0.000000
523.177981 730.628452 -0.456007 2.353213 2.112757 -1.036276 0.000000 0.000000
707.267913 1258.298314 -0.282362 2.543784 2.443050 -0.708761 0.000000 0.000000
886.163889 1083.446879 -0.676249 2.514465 1.961095 -1.573733 0.000000 0.000000
1551.686945 970.747125 -0.068003 3.672369 3.663881 -0.249539 0.000000 0.000000
1975.219332 678.185729 -0.071991 6.166943 6.150969 -0.443583 0.000000 0.000000
1855.616790 855.494608 0.111083 5.403516 5.370212 0.599003 0.000000 0.000000
1978.998055 1150.585715 0.115132 8.656171 8.598864 0.994400 0.000000 0.000000
524.600998 260.508131 0.225814 6.093201 5.938507 1.364267 0.000000 0.000000
106.008248 1373.199316 -0.386586 1.126743 1.043592 -0.424814 0.000000 0.000000
1185.629984 142.488000 -0.032991 5.327123 5.324225 -0.175715 0.000000 0.000000
400.687586 549.654657 -1.284792 5.135946 1.448960 -4.927318 0.000000 0.000000
465.778758 729.764626 0.105563 7.780109 7.736801 0.819767 0.000000 0.000000
161.228828 137.920535 -0.109894 3.879691 3.856287 -0.425496 0.000000 0.000000
1196.393801 1617.182701 -0.188485 4.666463 4.583816 -0.874358 0.000000 0.000000
581.955522 319.783776 0.072528 2.923699 2.916012 0.211863 0.000000 0.000000
1075.893057 1850.594465 -1.453272 3.055385 0.358257 -3.034309 0.000000 0.000000
1734.145441 735.795996 -0.088312 6.225361 6.201101 -0.549060 0.000000 0.000000
278.550291 136.861813 -0.172741 3.235001 3.186856 -0.556043 0.000000 0.000000
1733.055115 87.999305 0.251106 8.680758 8.408513 2.156959 0.000000 0.000000
340.599968 611.335436 0.273526 3.879488 3.735266 1.047957 0.000000 0.000000
111.032064 142.635410 0.418562 17.733313 16.202472 7.207656 0.000000 0.000000
825.409667 260.916560 0.223069 6.002017 5.853306 1.327787 0.000000 0.000000
1620.588444 1914.635866 -1.462874 1.806331 0.194565 -1.795822 0.000000 0.000000
164.983604 1313.710536 -0.713139 1.709295 1.292760 -1.118239 0.000000 0.000000
1975.202339 1032.614793 -0.518918 2.177775 1.891084 -1.080048 0.000000 0.000000
823.665495 730.170002 -1.302189 3.837609 1.018458 -3.699998 0.000000 0.000000
1553.692908 502.855302 0.361501 9.227639 8.631230 3.263615 0.000000 0.000000
1790.008695 87.313082 -0.528939 2.858249 2.467649 -1.442322 0.000000 0.000000
109.047860 1611.596488 1.659969 1.218230 -0.108489 1.213390 0.000000 0.000000
1137.483565 1675.839505 -0.281266 5.324583 5.115352 -1.477956 0.000000 0.000000
769.806268 1436.221575 -0.129121 2.124392 2.106708 -0.273542 0.000000 0.000000
283.575755 1315.130878 -0.924700 4.075738 2.453896 -3.254234 0.000000 0.000000
1134.333383 1438.240446 -0.251169 6.932175 6.714661 -1.722897 0.000000 0.000000
462.586074 493.991664 0.186721 5.935728 5.832555 1.101897 0.000000 0.000000
643.465860 965.101296 -0.176986 4.315512 4.248099 -0.759802 0.000000 0.000000
583.846119 790.360905 -0.472572 2.128847 1.895526 -0.969005 0.000000 0.000000
943.524076 675.728730 2.123573 0.230654 -0.121105 0.196303 0.000000 0.000000
1310.389799 87.161964 0.391828 10.829174 10.008459 4.135427 0.000000 0.000000
947.335959 1258.802336 -1.283835 2.229955 0.631164 -2.138769 0.000000 0.000000
644.324744 849.300800 -0.559664 2.379280 2.016282 -1.263164 0.000000 0.000000
1910.179974 206.892107 -1.393199 2.281990 0.403148 -2.246097 0.000000 0.000000
1673.041739 147.618427 0.398972 10.737219 9.893927 4.171100 0.000000 0.000000
827.033478 964.286028 -0.783852 5.775244 4.090021 -4.077397 0.000000 0.000000
1924.932424 1918.279264 -0.269742 4.381587 4.223148 -1.167617 0.000000 0.000000
942.952621 81.713251 -0.706232 2.779430 2.114624 -1.803772 0.000000 0.000000
341.616773 434.864564 0.307042 5.589139 5.327745 1.689264 0.000000 0.000000
1004.180970 554.921335 0.259270 4.087241 3.950634 1.047867 0.000000 0.000000
890.224004 1320.011612 0.300316 3.025139 2.889743 0.894902 0.000000 0.000000
223.335407 254.638207 -0.062521 7.920766 7.905291 -0.494891 0.000000 0.000000
278.769390 257.570846 -0.427841 0.771961 0.702379 -0.320292 0.000000 0.000000
1862.875998 1797.999421 -0.661767 5.366023 4.233298 -3.297483 0.000000 0.000000
1491.700490 1087.908776 -0.215986 4.946459 4.831531 -1.060079 0.000000 0.000000
891.440232 1496.804015 -0.214084 3.916547 3.827138 -0.832080 0.000000 0.000000
768.701947 320.528348 0.336432 12.366896 11.673589 4.082577 0.000000 0.000000
400.464827 256.411948 0.103190 4.601534 4.577057 0.473992 0.000000 0.000000
1677.712568 1323.162899 -0.145630 4.955675 4.903217 -0.719148 0.000000 0.000000
1005.193794 1145.756545 0.656450 1.746443 1.383469 1.065869 0.000000 0.000000
1490.041465 439.882000 -0.015138 5.918146 5.917467 -0.089583 0.000000 0.000000
463.607769 1021.311773 -0.458429 3.492621 3.132005 -1.545623 0.000000 0.000000
163.086237 668.370222 0.025264 5.770739 5.768898 0.145776 0.000000 0.000000
162.925327 1140.268564 0.887890 2.269394 1.432101 1.760464 0.000000 0.000000
1136.298187 1618.011474 0.630601 3.275642 2.645648 1.931418 0.000000 0.000000
646.697393 670.823573 -0.006685 7.539754 7.539585 -0.050401 0.000000 0.000000
1499.843531 1976.786875 -0.485694 1.951478 1.725793 -0.910993 0.000000 0.000000
1617.308382 1382.386539 -0.016712 4.322951 4.322348 -0.072242 0.000000 0.000000
1734.832833 1324.053239 -0.528193 4.043911 3.492804 -2.038023 0.000000 0.000000
1553.609299 913.183026 -0.287933 3.978267 3.814494 -1.129712 0.000000 0.000000
588.897458 1376.704351 0.088851 2.229196 2.220403 0.197805 0.000000 0.000000
1190.689979 1086.544968 -0.030886 4.744429 4.742167 -0.146513 0.000000 0.000000
278.679784 78.955263 0.427080 5.708859 5.196084 2.364694 0.000000 0.000000
1374.472981 1381.331692 0.237169 2.951898 2.869265 0.693553 0.000000 0.000000
1140.263136 1854.076061 0.183839 4.137606 4.067884 0.756378 0.000000 0.000000
524.074352 1023.684871 -0.136053 3.089974 3.061420 -0.419104 0.000000 0.000000
1005.308259 968.175663 -1.482371 1.453929 0.128396 -1.448248 0.000000 0.000000
1971.541763 265.327049 -1.195150 3.067072 1.125228 -2.853208 0.000000 0.000000
1551.677847 793.804277 -0.140696 5.180468 5.129278 -0.726467 0.000000 0.000000
402.852682 848.025552 -0.593557 2.262920 1.875862 -1.265680 0.000000 0.000000
280.689488 730.658396 -0.325710 0.843183 0.798852 -0.269803 0.000000 0.000000
899.582618 1852.290185 -0.097072 4.620146 4.598395 -0.447782 0.000000 0.000000
1560.213964 1738.511966 0.399804 1.562815 1.439567 0.608307 0.000000 0.000000
954.865811 1733.891927 -0.347081 0.486369 0.457367 -0.165440 0.000000 0.000000
1309.145832 736.609888 0.393581 4.948757 4.570383 1.897838 0.000000 0.000000
1138.717904 1791.048152 -0.835419 5.155668 3.458767 -3.823329 0.000000 0.000000
1127.756657 852.889578 -0.363234 2.193104 2.050009 -0.779209 0.000000 0.000000
110.427775 1789.602999 -0.201389 1.564028 1.532418 -0.312853 0.000000 0.000000
1248.612045 320.555360 -0.596804 4.622687 3.823592 -2.597958 0.000000 0.000000
165.951707 905.542791 0.061941 8.078858 8.063365 0.500091 0.000000 0.000000
1253.557066 1436.720762 -0.645108 3.036948 2.426627 -1.826070 0.000000 0.000000
404.308160 1078.481236 -0.958090 4.113184 2.365424 -3.364975 0.000000 0.000000
1734.910932 1090.722487 -0.235697 6.509543 6.329566 -1.520115 0.000000 0.000000
1067.724712 966.885785 -1.169379 3.814400 1.490376 -3.511186 0.000000 0.000000
1309.529193 674.926184 -0.850516 3.600974 2.375184 -2.706568 0.000000 0.000000
1183.442141 83.612560 -0.932924 1.756660 1.046069 -1.411239 0.000000 0.000000
1672.494103 323.746029 -0.241478 5.197420 5.046620 -1.242901 0.000000 0.000000
946.146426 1143.511807 -0.530696 3.853383 3.323370 -1.950326 0.000000 0.000000
639.324365 493.370872 -0.700437 1.331258 1.017827 -0.858065 0.000000 0.000000
1247.363355 969.438179 -0.999607 1.289273 0.697023 -1.084612 0.000000 0.000000
343.531600 318.264864 0.022647 5.562523 5.561096 0.125962 0.000000 0.000000
706.156703 610.907964 -0.695002 6.140590 4.716294 -3.932356 0.000000 0.000000
289.457904 1612.151462 -0.284863 2.265700 2.174393 -0.636720 0.000000 0.000000
1854.555396 327.164306 0.396212 9.612778 8.868072 3.709827 0.000000 0.000000
1065.084061 673.931088 0.013948 3.075171 3.074872 0.042892 0.000000 0.000000
948.177471 969.228898 0.335865 6.332503 5.978679 2.087103 0.000000 0.000000
1303.900397 203.115141 -1.886425 1.271625 -0.394730 -1.208809 0.000000 0.000000
1492.246598 1029.193757 0.148303 5.628813 5.567026 0.831714 0.000000 0.000000
1916.284803 266.686176 0.069600 8.534089 8.513427 0.593493 0.000000 0.000000
1917.653311 1324.839421 -0.276162 3.202956 3.081592 -0.873335 0.000000 0.000000
1194.113785 1496.170510 -0.599503 2.473462 2.042130 -1.395608 0.000000 0.000000
338.691425 197.003177 0.183678 2.931621 2.882307 0.535451 0.000000 0.000000
466.483732 1140.250448 -0.415981 6.751797 6.176006 -2.728318 0.000000 0.000000
107.798719 1432.906966 0.250265 2.578883 2.498542 0.638689 0.000000 0.000000
1976.144824 972.045635 -0.161768 4.673215 4.612201 -0.752686 0.000000 0.000000
651.905457 1493.915420 -0.446793 6.928139 6.248056 -2.993478 0.000000 0.000000
225.890951 845.154645 -0.307748 6.574468 6.265588 -1.991492 0.000000 0.000000
945.528254 612.887219 -1.053508 3.713866 1.836599 -3.227956 0.000000 0.000000
172.521117 1669.809861 -0.375050 5.354410 4.982221 -1.961423 0.000000 0.000000
341.786384 375.624767 0.161275 6.085941 6.006966 0.977259 0.000000 0.000000
1553.360944 853.496866 -0.468861 4.579732 4.085504 -2.069445 0.000000 0.000000
1976.739143 1206.913426 -0.196849 5.825249 5.712751 -1.139304 0.000000 0.000000
1553.288582 1206.025291 0.393374 2.846906 2.629462 1.091240 0.000000 0.000000
826.468036 909.063944 0.304145 5.274327 5.032253 1.579545 0.000000 0.000000
1430.194820 322.756189 -0.346044 4.052815 3.812572 -1.374631 0.000000 0.000000
1804.714221 1976.451865 -0.587426 4.536076 3.775694 -2.513984 0.000000 0.000000
530.894640 1550.731300 -0.753777 6.955137 5.071052 -4.760079 0.000000 0.000000
527.384007 1317.652998 -0.348398 4.932717 4.636364 -1.683992 0.000000 0.000000
1124.658270 497.158471 -1.350343 1.846814 0.403846 -1.802118 0.000000 0.000000
1004.526160 202.886352 0.453559 5.558407 4.996415 2.435513 0.000000 0.000000
1796.546945 913.964121 -0.143100 4.907075 4.856918 -0.699808 0.000000 0.000000
221.466442 906.189501 -0.329884 3.367453 3.185881 -1.090829 0.000000 0.000000
1487.592970 83.271819 -0.908095 4.189902 2.577831 -3.303039 0.000000 0.000000
1794.084498 1032.058915 0.277372 5.125111 4.929221 1.403404 0.000000 0.000000
1551.465433 380.923603 -0.673505 5.464692 4.271423 -3.408491 0.000000 0.000000
1684.052133 1916.770993 -0.156431 3.767626 3.721621 -0.586974 0.000000 0.000000
284.836734 786.376589 -0.148867 6.972429 6.895313 -1.034135 0.000000 0.000000
1431.867132 1087.178403 -0.042830 3.848009 3.844480 -0.164760 0.000000 0.000000
1673.797547 912.314681 -0.064944 5.068088 5.057404 -0.328909 0.000000 0.000000
587.067258 673.122486 0.322767 8.694430 8.245461 2.757803 0.000000 0.000000
652.342450 1790.378472 -2.052623 1.165707 -0.540187 -1.032991 0.000000 0.000000
644.843767 549.757025 -1.027184 7.018513 3.630191 -6.006766 0.000000 0.000000
1916.496808 620.197482 0.088633 7.715088 7.684803 0.682916 0.000000 0.000000
1067.748498 1143.568333 0.402666 1.453039 1.336824 0.569407 0.000000 0.000000
880.460049 492.973379 -1.449173 2.284624 0.277179 -2.267747 0.000000 0.000000
1066.368743 909.159502 -0.008908 3.402550 3.402415 -0.030310 0.000000 0.000000
585.037365 492.712977 -0.584077 5.466722 4.560457 -3.014512 0.000000 0.000000
1612.517840 1206.570558 -0.188678 3.864676 3.796089 -0.724862 0.000000 0.000000
1429.901778 911.951739 0.157140 5.020932 4.959068 0.785748 0.000000 0.000000
1430.603965 499.047674 -0.558229 4.364888 3.702274 -2.312015 0.000000 0.000000
344.901501 1197.744153 -0.351545 2.929942 2.750752 -1.008921 0.000000 0.000000
1978.562557 1442.456305 -0.660942 4.827374 3.810798 -2.963336 0.000000 0.000000
1067.261428 497.597108 0.232437 5.688672 5.535692 1.310382 0.000000 0.000000
587.372939 1021.364369 -0.635102 9.100715 7.326176 -5.399089 0.000000 0.000000
1975.369916 738.670911 0.116307 6.250602 6.208373 0.725352 0.000000 0.000000
649.309117 1319.157581 0.271225 3.538134 3.408792 0.947908 0.000000 0.000000
1915.105956 1033.239612 0.108735 2.370226 2.356228 0.257220 0.000000 0.000000
1734.947768 971.035922 -0.105660 5.803414 5.771050 -0.612046 0.000000 0.000000
763.648179 669.436951 -1.247350 4.844012 1.539603 -4.592829 0.000000 0.000000
1005.973290 319.744880 -0.332198 4.241268 4.009389 -1.383168 0.000000 0.000000
1797.021284 1147.100962 -0.232549 7.083065 6.892404 -1.632353 0.000000 0.000000
1546.379536 85.659419 0.261255 3.602858 3.480601 0.930593 0.000000 0.000000
279.672449 193.606174 -1.293100 5.574646 1.528241 -5.361078 0.000000 0.000000
643.565893 612.528738 -0.722863 2.817297 2.112733 -1.863739 0.000000 0.000000
1187.077396 558.123408 -0.245044 2.058378 1.996887 -0.499361 0.000000 0.000000
1674.807288 500.217391 -0.388625 6.068800 5.616256 -2.299566 0.000000 0.000000
166.542534 1433.431940 -0.305445 4.090022 3.900707 -1.229943 0.000000 0.000000
1855.382744 1442.855060 -0.493779 1.184639 1.043132 -0.561468 0.000000 0.000000
1369.245827 616.212050 -0.036033 5.109344 5.106027 -0.184067 0.000000 0.000000
647.644158 1259.439206 -0.298373 5.600616 5.353160 -1.646386 0.000000 0.000000
825.190579 849.278157 0.046483 3.639037 3.635106 0.169094 0.000000 0.000000
644.729613 1200.923355 -0.315794 3.475725 3.303850 -1.079462 0.000000 0.000000
522.061136 906.487230 -0.832848 1.698526 1.142720 -1.256655 0.000000 0.000000
342.825599 904.434831 0.145980 4.915132 4.862853 0.714967 0.000000 0.000000
1124.974805 200.509634 -0.994916 3.682481 2.005382 -3.088545 0.000000 0.000000
401.481943 434.354036 0.142248 5.249352 5.196332 0.744195 0.000000 0.000000
1490.112638 558.257213 -0.765332 3.499686 2.523807 -2.424500 0.000000 0.000000
404.571022 1258.474209 -0.356322 3.956632 3.708101 -1.380189 0.000000 0.000000
286.152062 1432.652524 -0.490481 1.222554 1.078423 -0.575884 0.000000 0.000000
1190.425329 851.857967 -0.513648 4.296645 3.742197 -2.111189 0.000000 0.000000
1310.358338 969.640874 -0.336136 3.529481 3.331957 -1.164171 0.000000 0.000000
1428.868492 262.066347 -0.810492 3.900671 2.688117 -2.826529 0.000000 0.000000
1975.970824 386.667342 0.397853 9.739209 8.978528 3.773357 0.000000 0.000000
403.284362 1022.963125 -0.345751 5.084416 4.783527 -1.723124 0.000000 0.000000
1918.284319 327.862034 0.299809 12.459998 11.904194 3.679905 0.000000 0.000000
699.697515 316.667699 -0.832419 2.237486 1.506026 -1.654759 0.000000 0.000000
160.000751 375.341923 -0.168313 2.163480 2.132908 -0.362426 0.000000 0.000000
1190.016404 382.665605 0.391264 8.880425 8.209312 3.386613 0.000000 0.000000
1735.793841 853.742805 -0.384485 5.108245 4.735300 -1.916010 0.000000 0.000000
1199.417648 1971.693332 -0.794911 4.950029 3.466746 -3.533335 0.000000 0.000000
1499.471107 1620.493800 -0.076508 5.658615 5.642062 -0.432506 0.000000 0.000000
99.571154 786.392170 -1.822152 1.787155 -0.444497 -1.730996 0.000000 0.000000
1070.392751 1380.073118 0.636603 1.551159 1.247318 0.922113 0.000000 0.000000
1006.572161 438.193805 0.181326 5.773977 5.679315 1.041246 0.000000 0.000000
706.547483 964.185924 -0.267592 6.732236 6.492638 -1.780071 0.000000 0.000000
518.926937 137.533073 -1.051598 2.560857 1.270656 -2.223381 0.000000 0.000000
942.392827 260.097755 -1.108898 1.344973 0.599385 -1.204031 0.000000 0.000000
1672.426550 440.263006 -0.114778 6.369956 6.328043 -0.729524 0.000000 0.000000
1129.897134 558.455125 0.328509 7.773135 7.357461 2.507867 0.000000 0.000000
401.699781 611.571158 -0.716785 2.216740 1.671249 -1.456319 0.000000 0.000000
1249.055500 734.642489 0.320678 7.063555 6.703468 2.226507 0.000000 0.000000
1366.391755 84.851772 0.321563 5.723899 5.430507 1.809037 0.000000 0.000000
1252.738432 1381.950023 -0.104637 4.445984 4.421667 -0.464364 0.000000 0.000000
886.059453 851.365946 -0.353950 1.689770 1.585023 -0.585684 0.000000 0.000000
582.201891 962.719151 -1.286513 3.319880 0.931127 -3.186629 0.000000 0.000000
1256.296996 1498.667898 0.330502 3.735112 3.532966 1.212112 0.000000 0.000000
523.758678 848.526224 0.302230 4.926280 4.702997 1.466306 0.000000 0.000000
1008.020405 675.279695 -0.096576 4.227786 4.208085 -0.407668 0.000000 0.000000
100.245569 372.788023 0.050592 4.850044 4.843839 0.245269 0.000000 0.000000
1554.321812 1146.203587 0.008043 5.773774 5.773587 0.046438 0.000000 0.000000
887.412891 437.730088 0.313570 9.401124 8.942709 2.899841 0.000000 0.000000
1251.990173 1262.134270 -0.079034 3.257765 3.247596 -0.257208 0.000000 0.000000
344.643604 1138.683922 -0.513202 3.005759 2.618548 -1.475734 0.000000 0.000000
707.280477 260.341179 0.276706 11.177636 10.752444 3.053603 0.000000 0.000000
1855.387926 386.234655 0.377690 8.871492 8.246219 3.271580 0.000000 0.000000
1550.640555 560.609080 0.315539 5.766051 5.481376 1.789372 0.000000 0.000000
104.254108 728.204395 -0.107404 5.254165 5.223889 -0.563232 0.000000 0.000000
461.313240 903.266157 -1.458870 5.858171 0.654314 -5.821515 0.000000 0.000000
1798.958451 1442.867788 0.436019 3.864075 3.502553 1.631932 0.000000 0.000000
1130.905462 1201.194527 -0.628726 7.656300 6.192242 -4.502784 0.000000 0.000000
223.610855 1081.429669 0.232064 2.462028 2.396031 0.566233 0.000000 0.000000
1493.932333 737.844338 0.356153 8.718180 8.171073 3.039775 0.000000 0.000000
769.475375 1316.475423 -0.754500 7.099467 5.172772 -4.862598 0.000000 0.000000
405.304267 1140.730828 0.207135 3.109427 3.042960 0.639474 0.000000 0.000000
100.248429 253.484817 -1.016260 3.805497 2.003781 -3.235224 0.000000 0.000000
1308.765976 1145.307963 0.484370 0.926458 0.819886 0.431406 0.000000 0.000000
405.905943 1315.774188 -0.362676 1.404744 1.313366 -0.498372 0.000000 0.000000
1372.961896 1319.048948 -0.969313 3.650997 2.065975 -3.010236 0.000000 0.000000
1916.435474 679.427931 0.115554 7.153861 7.106152 0.824819 0.000000 0.000000
1306.434686 143.604617 -0.470979 3.549209 3.162787 -1.610485 0.000000 0.000000
223.634771 1197.045759 -0.622172 5.661941 4.600976 -3.299787 0.000000 0.000000
1974.009340 327.534954 0.311842 5.922503 5.636861 1.817096 0.000000 0.000000
1558.028929 1799.147078 -0.310094 2.261772 2.153897 -0.690176 0.000000 0.000000
103.902910 1080.146983 -0.362855 5.778450 5.402200 -2.051031 0.000000 0.000000
771.041669 1554.506906 -0.723237 3.746338 2.808508 -2.479382 0.000000 0.000000
584.535401 257.311172 -0.566614 5.732906 4.836985 -3.077301 0.000000 0.000000
1126.743191 734.101902 0.208423 4.146012 4.056286 0.857880 0.000000 0.000000
1611.639473 438.525885 -0.932767 5.883787 3.504463 -4.726276 0.000000 0.000000
704.588259 1024.641881 0.389217 3.629932 3.358437 1.377427 0.000000 0.000000
531.226074 793.093389 0.380505 13.062392 12.128135 4.851230 0.000000 0.000000
822.400785 82.426079 0.406544 5.368582 4.931005 2.122939 0.000000 0.000000
1854.965389 677.624502 -0.715808 4.885749 3.686605 -3.206163 0.000000 0.000000
158.927198 492.311631 0.511984 2.162458 1.885175 1.059404 0.000000 0.000000
944.623242 436.275546 0.092368 5.674133 5.649945 0.523361 0.000000 0.000000
1005.336666 1086.861203 -0.003663 2.784988 2.784969 -0.010202 0.000000 0.000000
462.063401 553.299601 0.238405 5.001651 4.860183 1.181156 0.000000 0.000000
882.485540 614.770129 -2.084043 1.271543 -0.624338 -1.107710 0.000000 0.000000
1309.867929 379.102481 -0.659740 5.695965 4.500676 -3.491122 0.000000 0.000000
404.492050 671.080412 0.266589 7.310770 7.052517 1.925970 0.000000 0.000000
1256.700454 1795.398213 -0.597670 3.158908 2.611308 -1.777574 0.000000 0.000000
1736.842045 678.214616 0.102349 9.114618 9.066921 0.931244 0.000000 0.000000
222.652260 1022.526151 0.352792 3.087258 2.897119 1.066708 0.000000 0.000000
347.896681 1315.557034 -0.494450 7.257927 6.388643 -3.444234 0.000000 0.000000
1371.360484 1145.439294 0.091512 2.793435 2.781747 0.255277 0.000000 0.000000
463.074684 1197.973996 -0.923005 4.078589 2.461130 -3.252341 0.000000 0.000000
1253.046672 1558.437291 -0.305726 1.733059 1.652695 -0.521626 0.000000 0.000000
1309.848045 1203.195531 -0.485180 1.410980 1.248140 -0.658035 0.000000 0.000000
705.730167 1082.753862 -0.211717 2.569467 2.512095 -0.539945 0.000000 0.000000
1794.885665 1207.152322 0.211472 2.781833 2.719863 0.583905 0.000000 0.000000
1916.214661 503.020133 -0.158821 4.736590 4.676978 -0.749110 0.000000 0.000000
403.668682 139.801251 0.138666 6.472988 6.410855 0.894710 0.000000 0.000000
218.205498 75.763914 -0.425891 4.129016 3.760174 -1.705831 0.000000 0.000000
1246.442719 145.974913 0.163920 3.427960 3.382009 0.559397 0.000000 0.000000
1371.332877 1266.103550 0.106048 4.227610 4.203860 0.447488 0.000000 0.000000
462.205970 435.633829 -0.279964 3.134279 3.012248 -0.866066 0.000000 0.000000
1797.239044 1325.003555 -0.273995 6.255486 6.022142 -1.692604 0.000000 0.000000
587.948920 1259.048386 -0.313280 6.117366 5.819620 -1.885254 0.000000 0.000000
465.642474 1258.253262 0.525441 1.970588 1.704762 0.988436 0.000000 0.000000
219.540317 196.961718 -0.623092 2.303532 1.870648 -1.344224 0.000000 0.000000
646.386245 907.071087 0.001466 5.989127 5.989120 0.008782 0.000000 0.000000
1551.821177 1030.104653 0.212017 5.318601 5.199509 1.119207 0.000000 0.000000
893.723368 1379.012044 0.154486 5.873082 5.803138 0.903704 0.000000 0.000000
162.229093 1020.238638 -0.573301 4.856330 4.079876 -2.634113 0.000000 0.000000
644.810223 1142.501670 0.818594 1.691711 1.155860 1.235263 0.000000 0.000000
702.168917 849.187742 -1.673833 1.543767 -0.158783 -1.535579 0.000000 0.000000
881.566674 199.765601 -1.112250 2.000095 0.885333 -1.793479 0.000000 0.000000
1187.120788 968.140185 -0.041162 2.958240 2.955734 -0.121734 0.000000 0.000000
1122.462334 82.778656 0.195645 2.974785 2.918033 0.578297 0.000000 0.000000
1246.808882 259.457683 -0.281253 5.161817 4.959001 -1.432712 0.000000 0.000000
1731.883283 558.412289 -0.952540 3.678442 2.132082 -2.997526 0.000000 0.000000
1557.920551 1440.267801 -0.061951 3.879402 3.871960 -0.240179 0.000000 0.000000
1674.165787 619.196902 0.138870 7.565514 7.492680 1.047253 0.000000 0.000000
1250.250906 676.538250 0.244251 5.894499 5.719542 1.425466 0.000000 0.000000
759.446450 377.495311 0.169431 0.832521 0.820600 0.140381 0.000000 0.000000
823.612080 317.682337 0.074611 5.841273 5.825022 0.435421 0.000000 0.000000
1432.506648 441.078269 0.184023 8.670959 8.524554 1.586664 0.000000 0.000000
1796.999176 854.089453 -0.440542 5.499109 4.974058 -2.344984 0.000000 0.000000
700.755839 552.486686 -0.589047 2.355496 1.958526 -1.308641 0.000000 0.000000
161.177554 72.251687 -1.019786 7.957834 4.166314 -6.780041 0.000000 0.000000
827.411521 1378.630219 1.811939 0.651468 -0.155579 0.632618 0.000000 0.000000
221.941082 789.694738 0.548102 5.762828 4.918661 3.002826 0.000000 0.000000
1733.409790 440.628127 -0.095664 6.894672 6.863147 -0.658568 0.000000 0.000000
1431.100978 560.218408 0.028690 3.986370 3.984730 0.114354 0.000000 0.000000
161.729971 1197.740732 -0.638194 3.225110 2.590320 -1.921347 0.000000 0.000000
340.576306 727.660339 -1.403677 2.987121 0.496886 -2.945504 0.000000 0.000000
886.983460 908.500352 0.051195 4.928036 4.921579 0.252180 0.000000 0.000000
1792.858648 265.395195 0.290148 8.585803 8.226930 2.456347 0.000000 0.000000
1913.467070 1147.860914 -0.506793 4.099058 3.583830 -1.989584 0.000000 0.000000
825.819672 377.547927 0.148878 8.498288 8.404281 1.260542 0.000000 0.000000
1434.593725 618.771387 0.226265 9.858947 9.607653 2.211751 0.000000 0.000000
821.787490 792.857907 -3.076353 1.484692 -1.481533 -0.096793 0.000000 0.000000
1068.103353 1028.738326 -0.196026 3.696946 3.626144 -0.720064 0.000000 0.000000
702.741937 672.267869 -0.999767 1.699110 0.918367 -1.429538 0.000000 0.000000
524.607812 669.686567 -0.656295 4.905093 3.886102 -2.993017 0.000000 0.000000
1976.026425 855.740331 -0.598134 3.663614 3.027566 -2.062986 0.000000 0.000000
1493.396444 1323.969107 -0.305461 4.195368 4.001158 -1.261686 0.000000 0.000000
642.176662 81.147419 0.155898 4.563152 4.507813 0.708507 0.000000 0.000000
1614.359597 971.697341 -0.355601 4.414708 4.138513 -1.536996 0.000000 0.000000
279.814436 845.266749 0.163576 1.803610 1.779534 0.293713 0.000000 0.000000
221.956438 1139.850460 -0.509551 3.590864 3.134693 -1.751570 0.000000 0.000000
1369.387295 1028.406465 -0.252926 3.846450 3.724073 -0.962528 0.000000 0.000000
1064.967370 557.137807 0.582041 5.260273 4.394130 2.891729 0.000000 0.000000
1130.200752 1085.389919 -0.130367 4.345661 4.308785 -0.564928 0.000000 0.000000
102.812095 1198.361936 1.291586 2.123875 0.585333 2.041624 0.000000 0.000000
1250.621280 203.503296 0.168684 9.384019 9.250828 1.575434 0.000000 0.000000
1854.119729 1208.181310 -0.133893 2.542557 2.519801 -0.339414 0.000000 0.000000
343.849837 845.424040 -0.137066 5.261610 5.212262 -0.718933 0.000000 0.000000
767.142409 908.090544 -0.296845 3.850484 3.682080 -1.126285 0.000000 0.000000
764.510243 613.204428 0.098059 5.101032 5.076527 0.499399 0.000000 0.000000
1610.715071 264.153449 -0.278225 4.235961 4.073064 -1.163404 0.000000 0.000000
220.552008 608.811793 -1.197457 3.441012 1.255030 -3.203976 0.000000 0.000000
763.796166 1025.391030 -0.287488 2.295934 2.201707 -0.650998 0.000000 0.000000
159.680509 730.504184 0.848151 4.813866 3.183751 3.610683 0.000000 0.000000
220.101208 135.139979 -0.970256 4.995020 2.822629 -4.121043 0.000000 0.000000
1005.114526 379.082585 -0.467400 2.864877 2.557599 -1.290817 0.000000 0.000000
1853.180295 560.709341 -0.000909 4.961742 4.961740 -0.004511 0.000000 0.000000
1550.278035 1088.474347 -0.004899 4.120933 4.120883 -0.020187 0.000000 0.000000
1256.888189 1975.553456 2.141037 2.765148 -1.492723 2.327621 0.000000 0.000000
1556.040326 1323.855167 -0.267132 7.107965 6.855859 -1.876265 0.000000 0.000000
822.536002 141.680759 -0.043765 2.750176 2.747543 -0.120323 0.000000 0.000000
1188.397414 675.984575 0.412896 6.483928 5.939034 2.601767 0.000000 0.000000
706.054488 143.796070 0.409481 7.939366 7.282998 3.160929 0.000000 0.000000
1794.877133 501.686779 0.075750 7.439426 7.418093 0.562998 0.000000 0.000000
161.455670 253.959352 -0.153931 5.996275 5.925375 -0.919370 0.000000 0.000000
1620.419444 1678.009145 -0.074221 1.513242 1.509076 -0.112212 0.000000 0.000000
945.954517 731.737483 -0.090763 5.079938 5.059028 -0.460436 0.000000 0.000000
158.893975 311.975022 -1.385706 5.085617 0.935935 -4.998752 0.000000 0.000000
646.140064 1082.000004 -0.292884 2.879453 2.756833 -0.831340 0.000000 0.000000
641.418960 378.425793 -0.336634 1.983002 1.871700 -0.655009 0.000000 0.000000
1367.530571 440.740587 -0.425631 1.213038 1.104809 -0.500858 0.000000 0.000000
1791.008935 381.832548 -0.952327 3.663850 2.124258 -2.985185 0.000000 0.000000
822.363428 435.300695 -0.297010 3.096139 2.960577 -0.906125 0.000000 0.000000
276.969821 666.586789 -2.098769 6.036100 -3.040884 -5.214165 0.000000 0.000000
1496.354580 854.374227 -0.233751 7.532150 7.327309 -1.744657 0.000000 0.000000
403.159559 906.040575 -0.019350 4.283424 4.282622 -0.082881 0.000000 0.000000
698.672551 80.708007 -2.086726 2.083081 -1.027674 -1.811936 0.000000 0.000000
885.137329 259.359826 -0.711907 3.892453 2.947043 -2.542858 0.000000 0.000000
1430.687526 969.295030 -0.029838 5.765192 5.762625 -0.171996 0.000000 0.000000
341.897085 552.310608 -0.474123 3.465453 3.083190 -1.582182 0.000000 0.000000
1183.873726 439.798118 0.685516 2.846601 2.203533 1.802105 0.000000 0.000000
1440.560191 1914.833457 -0.640897 5.492059 4.402215 -3.283781 0.000000 0.000000
884.173535 672.080373 -0.273412 3.506157 3.375922 -0.946725 0.000000 0.000000
1612.007724 1087.423818 -0.076820 4.856307 4.841985 -0.372695 0.000000 0.000000
1005.916755 732.524212 -0.784583 2.938699 2.079667 -2.076280 0.000000 0.000000
1244.656750 380.777969 -1.725508 1.751122 -0.269840 -1.730206 0.000000 0.000000
1854.445009 619.014170 -0.137713 5.740379 5.686032 -0.788026 0.000000 0.000000
1125.632458 379.672141 0.142251 4.812167 4.763561 0.682232 0.000000 0.000000
1001.517635 82.131897 -1.398225 1.838536 0.315706 -1.811228 0.000000 0.000000
1129.497118 910.848746 0.167952 6.431043 6.340552 1.075038 0.000000 0.000000
1675.047929 207.999913 0.353897 11.303567 10.603078 3.917317 0.000000 0.000000
1249.225681 440.999916 0.313308 6.967178 6.628010 2.147337 0.000000 0.000000
400.620688 377.958884 0.061084 2.072189 2.068324 0.126498 0.000000 0.000000
1308.524879 794.458703 0.402042 5.421547 4.989255 2.121441 0.000000 0.000000
1850.074876 147.511559 -1.080132 2.198429 1.035926 -1.939059 0.000000 0.000000
763.061608 790.292085 0.046536 3.077481 3.074149 0.143161 0.000000 0.000000
527.361738 1259.630509 0.480413 3.479900 3.085990 1.608220 0.000000 0.000000
1616.968392 1265.315088 -0.201564 8.367772 8.198363 -1.675245 0.000000 0.000000
1064.422025 202.060955 -0.536155 1.994813 1.714899 -1.019019 0.000000 0.000000
1732.372002 205.774209 0.288356 9.294797 8.911040 2.643221 0.000000 0.000000
1672.486099 1088.564252 -0.359705 4.621182 4.325430 -1.626647 0.000000 0.000000
1186.415603 260.502936 -0.847479 3.954685 2.617506 -2.964489 0.000000 0.000000
1611.079902 86.602388 0.327973 9.461681 8.957346 3.047844 0.000000 0.000000
1554.528793 443.399670 0.101426 7.104356 7.067845 0.719330 0.000000 0.000000
522.134680 432.560609 -1.074174 4.973666 2.369748 -4.372831 0.000000 0.000000
1005.095314 615.187340 0.269137 3.687508 3.554760 0.980508 0.000000 0.000000
1916.634798 855.331600 0.032062 5.872946 5.869928 0.188266 0.000000 0.000000
1856.953841 1385.694591 0.877094 2.647930 1.693055 2.035951 0.000000 0.000000
1366.786132 381.626245 0.447159 3.934036 3.547238 1.701098 0.000000 0.000000
584.796490 611.950395 0.126497 6.411360 6.360132 0.808857 0.000000 0.000000
1854.696196 503.940959 0.037364 4.032693 4.029879 0.150643 0.000000 0.000000
1188.063747 1262.476684 0.742149 0.218337 0.160918 0.147568 0.000000 0.000000
401.430980 728.626401 0.020469 3.616970 3.616212 0.074031 0.000000 0.000000
1490.441242 264.201524 0.183805 6.507055 6.397446 1.189307 0.000000 0.000000
164.433043 1257.585903 -0.229441 4.704383 4.581098 -1.069935 0.000000 0.000000
1372.288858 149.082307 0.495717 12.504999 10.999744 5.948163 0.000000 0.000000
779.914786 1971.468301 -0.075186 5.014052 4.999886 -0.376631 0.000000 0.000000
461.633300 255.318445 -0.124616 5.454092 5.411798 -0.677908 0.000000 0.000000
1371.049859 854.388116 0.457510 6.527684 5.856344 2.883381 0.000000 0.000000
1490.034454 381.438878 -0.566574 4.206324 3.549065 -2.257720 0.000000 0.000000
943.701484 143.215617 0.364540 5.029397 4.698904 1.793080 0.000000 0.000000
1804.000000 215.043055 0.514663 22.533622 19.614587 11.091983 0.000000 0.000000
1245.581794 85.781109 0.124470 3.202970 3.178191 0.397645 0.000000 0.000000
884.817586 320.789160 0.237800 4.825080 4.689295 1.136620 0.000000 0.000000
1670.837259 970.199553 -1.483667 3.517999 0.306132 -3.504654 0.000000 0.000000
821.203740 198.651957 -1.387320 3.269248 0.596469 -3.214375 0.000000 0.000000
343.465548 137.993837 0.147577 8.433474 8.341804 1.240077 0.000000 0.000000
160.495845 845.453694 -1.455912 2.355425 0.270006 -2.339898 0.000000 0.000000
1306.476384 322.331233 0.372858 4.084372 3.803735 1.487850 0.000000 0.000000
1674.126804 562.900835 0.288838 5.658445 5.424047 1.611743 0.000000 0.000000
1249.002331 1146.424684 -0.156112 3.852214 3.805368 -0.598936 0.000000 0.000000
1916.055026 445.343503 0.390974 8.214772 7.594870 3.130563 0.000000 0.000000
644.258754 788.851750 -0.915688 3.888029 2.368763 -3.083136 0.000000 0.000000
1488.091718 145.413723 -0.380594 2.786887 2.587468 -1.035251 0.000000 0.000000
224.538884 962.519053 -0.276677 8.198315 7.886520 -2.239460 0.000000 0.000000
1852.547829 208.762251 0.382367 6.121257 5.679204 2.283950 0.000000 0.000000
102.848949 1258.239521 0.088119 2.927066 2.915709 0.257597 0.000000 0.000000
222.999296 1256.149281 -1.089227 0.487883 0.225973 -0.432395 0.000000 0.000000
279.993914 611.678311 0.474981 3.583316 3.186647 1.638728 0.000000 0.000000
1065.068718 850.535303 -0.098576 2.819011 2.805326 -0.277437 0.000000 0.000000
1975.040028 621.193367 -0.214390 3.693185 3.608634 -0.785731 0.000000 0.000000
700.156902 198.727828 0.207882 3.571280 3.494391 0.737070 0.000000 0.000000
762.569998 732.408523 -1.151141 1.037480 0.422717 -0.947457 0.000000 0.000000
281.639010 432.499091 -0.751556 3.748657 2.738871 -2.559494 0.000000 0.000000
1369.187841 321.304194 0.021848 5.853411 5.852014 0.127878 0.000000 0.000000
763.609187 850.965830 0.710176 3.821306 2.897493 2.491368 0.000000 0.000000
222.714918 726.401231 -0.291958 5.865333 5.617125 -1.688205 0.000000 0.000000
1062.091162 83.807972 0.525120 3.466041 2.999041 1.737583 0.000000 0.000000
768.895332 1378.597688 -0.413274 4.205843 3.851757 -1.689108 0.000000 0.000000
1496.272395 618.807487 -0.060233 8.060179 8.045562 -0.485193 0.000000 0.000000
102.489406 960.597609 -0.190078 3.979787 3.908109 -0.751925 0.000000 0.000000
464.363865 846.265429 -0.832734 4.761378 3.203721 -3.522341 0.000000 0.000000
1307.799210 556.374294 -0.089606 4.607743 4.589257 -0.412331 0.000000 0.000000
580.910382 376.911896 0.143310 3.886680 3.846837 0.555095 0.000000 0.000000
950.344356 381.559074 0.279971 10.903445 10.478902 3.012927 0.000000 0.000000
706.716329 492.289965 -0.294114 8.509087 8.143701 -2.466717 0.000000 0.000000
279.274011 375.857239 0.469513 4.395579 3.919928 1.988788 0.000000 0.000000
161.691523 1079.256797 -0.957855 1.065930 0.613204 -0.871888 0.000000 0.000000
1915.434224 1207.935988 -0.340721 4.762757 4.488966 -1.591554 0.000000 0.000000
1917.534288 737.673100 -0.370718 6.197424 5.776416 -2.245235 0.000000 0.000000
1974.687931 1267.342363 0.228055 1.158730 1.128728 0.261969 0.000000 0.000000
458.351485 315.836624 -0.268421 2.234479 2.154464 -0.592605 0.000000 0.000000
1006.781544 1200.858617 -1.013448 1.055405 0.558243 -0.895681 0.000000 0.000000
1676.253541 1034.269487 0.278605 6.250798 6.009767 1.719061 0.000000 0.000000
1548.160376 322.671077 -0.112779 3.755916 3.732056 -0.422690 0.000000 0.000000
220.990055 372.653542 -0.832488 4.681661 3.150935 -3.462595 0.000000 0.000000
1914.359475 1266.091470 -0.641186 2.033723 1.629799 -1.216463 0.000000 0.000000
645.423067 199.792164 0.252734 9.302927 9.007394 2.326219 0.000000 0.000000
283.802394 1140.130585 -0.413037 5.170607 4.735790 -2.075445 0.000000 0.000000
581.106290 140.009220 0.387882 6.059924 5.609746 2.292035 0.000000 0.000000
1251.762971 1086.427476 -0.250625 7.842137 7.597129 -1.944928 0.000000 0.000000
281.801079 1021.959375 -0.502237 1.570871 1.376881 -0.756198 0.000000 0.000000
282.783828 1195.903913 -1.209968 2.300329 0.812129 -2.152199 0.000000 0.000000
945.366432 320.735180 -0.307878 3.136384 2.988908 -0.950442 0.000000 0.000000
1612.228463 736.755851 -0.424751 3.582773 3.264413 -1.476439 0.000000 0.000000
523.487006 962.697949 -1.002645 3.626206 1.951169 -3.056519 0.000000 0.000000
643.769413 317.020826 -0.767965 5.122085 3.684449 -3.558173 0.000000 0.000000
1908.755438 89.362347 0.766919 4.317233 3.108633 2.995814 0.000000 0.000000
104.339327 906.432550 0.580447 8.703957 7.278404 4.773228 0.000000 0.000000
1126.763377 1027.939214 -0.276627 1.473455 1.417437 -0.402419 0.000000 0.000000
1612.042957 1031.249666 0.242034 3.932334 3.817717 0.942492 0.000000 0.000000
463.126043 789.142236 0.159108 4.399039 4.343475 0.696972 0.000000 0.000000
162.046800 962.122776 -0.287952 6.068396 5.818544 -1.723361 0.000000 0.000000
1977.001437 1326.590485 -0.302506 3.709990 3.541530 -1.105256 0.000000 0.000000
942.475091 554.114358 -0.326818 1.674026 1.585417 -0.537415 0.000000 0.000000
1912.932816 384.866248 0.342993 7.207227 6.787424 2.423841 0.000000 0.000000
1490.736471 324.227368 -0.204332 4.175255 4.088396 -0.847215 0.000000 0.000000
1187.661792 792.650062 -0.039136 4.010156 4.007086 -0.156902 0.000000 0.000000
462.133352 137.486232 -0.800915 4.361141 3.035573 -3.131270 0.000000 0.000000
882.678618 84.175752 0.652692 5.643500 4.483488 3.427452 0.000000 0.000000
826.471697 612.409687 -0.120974 6.472567 6.425263 -0.781106 0.000000 0.000000
461.280309 669.896785 -1.101042 2.403864 1.088149 -2.143476 0.000000 0.000000
462.362623 608.064766 -1.264817 5.638509 1.698471 -5.376614 0.000000 0.000000
457.664129 77.008438 -1.099203 3.253008 1.477862 -2.897928 0.000000 0.000000
523.165393 612.635341 0.303307 5.331042 5.087702 1.592263 0.000000 0.000000
1973.474246 93.006643 0.716795 10.250754 7.728197 6.734458 0.000000 0.000000
1549.720224 145.719464 -0.339721 4.245160 4.002540 -1.414589 0.000000 0.000000
766.392397 202.028288 0.275673 8.075590 7.770673 2.198135 0.000000 0.000000
404.534445 196.295627 0.046802 9.160957 9.150926 0.428591 0.000000 0.000000
523.778976 196.272137 -0.841237 5.759143 3.838707 -4.293257 0.000000 0.000000
281.181275 494.226919 0.104708 1.854466 1.844309 0.193824 0.000000 0.000000
763.939667 433.333690 -1.097047 5.825311 2.657655 -5.183736 0.000000 0.000000
1429.063579 205.200052 0.342480 6.859579 6.461206 2.303615 0.000000 0.000000
1553.290125 1499.845767 -1.498459 1.472193 0.106402 -1.468342 0.000000 0.000000
892.877361 1435.933066 -0.414430 7.080339 6.480960 -2.851029 0.000000 0.000000
1429.185557 381.769674 0.234309 5.881346 5.720638 1.365478 0.000000 0.000000
882.011337 377.836415 0.260192 4.234976 4.092429 1.089518 0.000000 0.000000
1850.450271 87.973330 -0.264383 2.797975 2.700756 -0.731150 0.000000 0.000000
161.660053 548.361212 -1.070526 4.865604 2.333850 -4.269338 0.000000 0.000000
218.445545 433.295080 -1.694343 1.532766 -0.188887 -1.521083 0.000000 0.000000
1428.261237 144.385145 0.178475 6.076085 5.979570 1.078682 0.000000 0.000000
1609.357579 145.110093 0.094970 5.578431 5.553293 0.528989 0.000000 0.000000
1738.371836 913.671839 0.149741 9.536339 9.429626 1.422647 0.000000 0.000000
224.387014 1375.322983 -0.435771 2.790721 2.529913 -1.177990 0.000000 0.000000
99.616948 432.212417 0.305315 3.751996 3.578475 1.127824 0.000000 0.000000
101.324965 490.016724 -0.994905 3.215584 1.751150 -2.696934 0.000000 0.000000
1071.527572 320.248731 0.065455 11.495441 11.470825 0.751892 0.000000 0.000000
1791.287628 324.475687 0.137007 5.526216 5.474430 0.754766 0.000000 0.000000
1488.435577 205.496738 0.405499 5.706426 5.243668 2.251054 0.000000 0.000000
105.944355 1316.317524 -0.201392 4.669541 4.575165 -0.934063 0.000000 0.000000
1259.684665 1735.236651 -0.122016 3.254017 3.229824 -0.396059 0.000000 0.000000
1431.970643 676.482782 0.117475 6.879041 6.831628 0.806260 0.000000 0.000000
163.694369 196.683239 0.177641 8.544646 8.410181 1.509910 0.000000 0.000000
761.163141 257.093793 -0.087428 4.128801 4.113032 -0.360512 0.000000 0.000000
1008.841255 261.324997 0.216102 9.352574 9.135040 2.005414 0.000000 0.000000
100.337511 551.692028 -0.350886 0.778031 0.730625 -0.267433 0.000000 0.000000
102.053014 845.115538 0.046536 3.293918 3.290352 0.153232 0.000000 0.000000
1609.369655 205.569963 -0.091454 3.009145 2.996569 -0.274815 0.000000 0.000000
529.166799 556.684792 0.395469 12.553792 11.584842 4.836231 0.000000 0.000000
763.548347 551.171339 -0.591351 5.227351 4.339686 -2.914160 0.000000 0.000000
1007.088806 1026.660602 -0.158505 4.144661 4.092705 -0.654202 0.000000 0.000000
1853.037079 1144.565158 -1.167462 4.546316 1.784371 -4.181508 0.000000 0.000000
226.328871 1432.873024 -0.518427 4.113732 3.573186 -2.038415 0.000000 0.000000
518.351412 78.436497 0.149187 4.091679 4.046230 0.608165 0.000000 0.000000
460.106096 374.976125 -1.168288 3.602126 1.411053 -3.314248 0.000000 0.000000
944.840658 494.398476 -0.048506 5.243086 5.236920 -0.254222 0.000000 0.000000
344.432671 962.760272 -0.235094 5.222055 5.078409 -1.216397 0.000000 0.000000
579.024330 198.151607 -0.814892 1.158508 0.794675 -0.842990 0.000000 0.000000
1794.376665 617.313248 -0.789968 5.499019 3.870582 -3.906123 0.000000 0.000000
1973.718093 561.918217 -0.721653 2.388714 1.793242 -1.578049 0.000000 0.000000
1547.529433 205.096978 -0.393519 1.611257 1.488101 -0.617821 0.000000 0.000000
1366.214609 203.299395 -0.830998 2.345495 1.581189 -1.732393 0.000000 0.000000
1976.430337 503.029810 0.125211 6.564305 6.512915 0.819777 0.000000 0.000000
647.206631 435.409214 0.046438 9.470256 9.460046 0.439622 0.000000 0.000000
884.467739 141.848035 0.231096 6.303279 6.135713 1.443730 0.000000 0.000000
524.501881 1201.615310 1.174999 2.389686 0.921329 2.204938 0.000000 0.000000
1609.147970 322.790463 0.045002 4.482563 4.478025 0.201656 0.000000 0.000000
761.832150 140.645699 -0.820105 2.140377 1.460046 -1.565081 0.000000 0.000000
1004.924899 143.172010 -0.242841 3.312320 3.215133 -0.796484 0.000000 0.000000
583.615992 905.388228 0.022458 3.872119 3.871143 0.086951 0.000000 0.000000
704.883868 375.983717 -0.626420 5.669869 4.593339 -3.323951 0.000000 0.000000
1063.849558 141.776084 -0.955743 2.860380 1.650446 -2.336194 0.000000 0.000000
405.573607 1197.065297 -0.622487 7.037634 5.717591 -4.103347 0.000000 0.000000
102.895061 607.713494 -0.187224 5.752357 5.651833 -1.070696 0.000000 0.000000
581.287000 80.059297 0.313492 6.774926 6.444734 2.089267 0.000000 0.000000
525.434335 496.183263 0.129888 5.485649 5.439440 0.710520 0.000000 0.000000
1854.757330 442.717842 -0.287195 4.659024 4.468201 -1.319729 0.000000 0.000000
281.350141 961.406015 -0.860417 3.423294 2.232403 -2.595249 0.000000 0.000000
398.670577 494.553584 0.622196 3.057566 2.484579 1.782015 0.000000 0.000000
641.709791 138.232737 -0.039636 5.508127 5.503801 -0.218263 0.000000 0.000000
1970.047849 149.301913 0.770968 3.581954 2.569109 2.496012 0.000000 0.000000
1312.813882 442.745173 0.189829 7.066193 6.939259 1.333330 0.000000 0.000000
98.537965 195.363714 0.271937 3.218039 3.099785 0.864357 0.000000 0.000000
702.901144 437.291562 -0.207872 2.315336 2.265492 -0.477834 0.000000 0.000000
1185.061682 201.842151 -0.004353 4.404442 4.404400 -0.019171 0.000000 0.000000
523.108240 317.811436 0.158818 7.001540 6.913424 1.107305 0.000000 0.000000
765.008692 497.587781 0.057107 3.469421 3.463765 0.198020 0.000000 0.000000
822.161181 673.004583 0.337786 2.151905 2.030302 0.713138 0.000000 0.000000
518.598288 377.828329 0.721795 2.436724 1.829056 1.610024 0.000000 0.000000
578.432815 435.818966 0.976105 1.465505 0.821054 1.213909 0.000000 0.000000
1005.624950 497.073578 0.346358 6.009171 5.652318 2.039958 0.000000 0.000000
1555.229348 267.776419 0.410993 12.165261 11.152196 4.860258 0.000000 0.000000
1795.187753 444.101843 0.004933 5.460337 5.460271 0.026938 0.000000 0.000000
1971.504933 206.317907 -1.087975 2.463595 1.143797 -2.181978 0.000000 0.000000
1915.592478 563.334599 0.145377 4.437037 4.390233 0.642773 0.000000 0.000000
